Area,Year,Export Value,Import Value,Net exports Value
Afghanistan,2000,375075,2552484,-2177409
Afghanistan,2001,260200,3049995,-2789795
Afghanistan,2002,298710,3965505,-3666795
Afghanistan,2003,458403,4342681,-3884278
Afghanistan,2004,660067,4717425,-4057358
Afghanistan,2005,788829,6146259,-5357430
Afghanistan,2006,812176,6714827,-5902651
Afghanistan,2007,1339077,7354263,-6015186
Afghanistan,2008,1490626,10214483,-8723857
Afghanistan,2009,2008486,8478635,-6470149
Afghanistan,2010,1763140,11297596,-9534456
Afghanistan,2011,1613100,14671020,-13057920
Afghanistan,2012,1480024,17805893,-16325869
Afghanistan,2013,1956159,18125531,-16169372
Afghanistan,2014,2781865,22194999,-19413134
Afghanistan,2015,2561329,18796527,-16235198
Afghanistan,2016,2778696,19624147,-16845451
Afghanistan,2017,2956986,15555854,-12598868
Afghanistan,2018,3253070,15785198,-12532128
Afghanistan,2019,4161058,12552039,-8390981
Albania,2000,366526,2210607,-1844081
Albania,2001,408870,2533733,-2124863
Albania,2002,454798,2908588,-2453790
Albania,2003,576331,3555393,-2979062
Albania,2004,781847,4362006,-3580159
Albania,2005,852257,4733658,-3881401
Albania,2006,1007549,5518896,-4511347
Albania,2007,1356592,7262868,-5906276
Albania,2008,1661296,9180294,-7518998
Albania,2009,1338445,8091161,-6752716
Albania,2010,1823266,8167905,-6344639
Albania,2011,2344166,9496776,-7152610
Albania,2012,2399724,8764289,-6364565
Albania,2013,2851731,8839532,-5987801
Albania,2014,2770346,7916585,-5146239
Albania,2015,2448457,7182576,-4734119
Albania,2016,2644013,7750326,-5106313
Albania,2017,530896,2225929,-1695033
Albania,2018,539529,2512876,-1973347
Albania,2019,757662,4271280,-3513618
Algeria,2000,22192428,21530186,662242
Algeria,2001,19306629,22228493,-2921864
Algeria,2002,19026942,26442071,-7415129
Algeria,2003,24863425,28020801,-3157376
Algeria,2004,32807502,37343923,-4536421
Algeria,2005,47117235,38976208,8141027
Algeria,2006,53232278,40404718,12827560
Algeria,2007,60614139,53858368,6755771
Algeria,2008,79878185,80215894,-337709
Algeria,2009,45761873,69661907,-23900034
Algeria,2010,57677319,69428173,-11750854
Algeria,2011,75067022,97703518,-22636496
Algeria,2012,73208797,97201920,-23993123
Algeria,2013,66683345,103754864,-37071519
Algeria,2014,61717637,114364067,-52646430
Algeria,2015,35935195,99200044,-63264849
Algeria,2016,31695129,89382324,-57687195
Algeria,2017,1921994,44411093,-42489099
Algeria,2018,1392784,44331205,-42938421
Algeria,2019,1644154,40874394,-39230240
Angola,2000,7713000,5120147,2592853
Angola,2001,6388450,5562240,826210
Angola,2002,8333130,7200666,1132464
Angola,2003,9518163,9565803,-47640
Angola,2004,13487782,10694858,2792924
Angola,2005,23424845,14181715,9243130
Angola,2006,30670329,17663500,13006829
Angola,2007,44425480,21783723,22641757
Angola,2008,63961634,33542114,30419520
Angola,2009,40865539,33047920,7817619
Angola,2010,50651663,27607678,23043985
Angola,2011,67394476,35955321,31439155
Angola,2012,71179009,40832949,30346060
Angola,2013,68925892,43254907,25670985
Angola,2014,59359818,52207785,7152033
Angola,2015,33345707,34950350,-1604643
Angola,2016,28002041,24392431,3609610
Angola,2017,453670,14152087,-13698417
Angola,2018,270329,12375990,-12105661
Angola,2019,143195,11242996,-11099801
Antigua and Barbuda,2000,51835,558048,-506213
Antigua and Barbuda,2001,45919,478962,-433043
Antigua and Barbuda,2002,35729,483006,-447277
Antigua and Barbuda,2003,49179,546695,-497516
Antigua and Barbuda,2004,61938,575769,-513831
Antigua and Barbuda,2005,87346,875244,-787898
Antigua and Barbuda,2006,85262,866063,-780801
Antigua and Barbuda,2007,90434,1100771,-1010337
Antigua and Barbuda,2008,74592,1133036,-1058444
Antigua and Barbuda,2009,63273,914185,-850912
Antigua and Barbuda,2010,51649,859276,-807627
Antigua and Barbuda,2011,64901,1005533,-940632
Antigua and Barbuda,2012,87678,1082668,-994990
Antigua and Barbuda,2013,71627,1078499,-1006872
Antigua and Barbuda,2014,106289,1118233,-1011944
Antigua and Barbuda,2015,73354,1042961,-969607
Antigua and Barbuda,2016,90765,973992,-883227
Antigua and Barbuda,2017,19389,681763,-662374
Antigua and Barbuda,2018,25003,734812,-709809
Antigua and Barbuda,2019,17439,709841,-692402
Argentina,2000,76590492,31837677,44752815
Argentina,2001,78043779,26265231,51778548
Argentina,2002,76728892,11477086,65251806
Argentina,2003,94431939,17528229,76903710
Argentina,2004,108027276,26917686,81109590
Argentina,2005,124419282,33438379,90980903
Argentina,2006,137061813,39516698,97545115
Argentina,2007,182794321,54281782,128512539
Argentina,2008,237041503,72653415,164388088
Argentina,2009,176665607,46831827,129833780
Argentina,2010,222370702,64606084,157764618
Argentina,2011,287022325,83650391,203371934
Argentina,2012,269256620,77184881,192071739
Argentina,2013,268153747,82547466,185606281
Argentina,2014,234188603,73851876,160336727
Argentina,2015,209305195,68177616,141127579
Argentina,2016,220641790,65815137,154826653
Argentina,2017,155271966,13788221,141483745
Argentina,2018,145187687,22133340,123054347
Argentina,2019,169735144,15750808,153984336
Armenia,2000,447491,1861667,-1414176
Armenia,2001,588392,1813330,-1224938
Armenia,2002,781805,1891837,-1110032
Armenia,2003,1064802,2262119,-1197317
Armenia,2004,1112345,2620766,-1508421
Armenia,2005,1515110,3174838,-1659728
Armenia,2006,1550687,3758588,-2207901
Armenia,2007,1977372,5826698,-3849326
Armenia,2008,2042009,7913773,-5871764
Armenia,2009,1310353,6198701,-4888348
Armenia,2010,1773671,6881421,-5107750
Armenia,2011,2350409,7763088,-5412679
Armenia,2012,2842334,8035517,-5193183
Armenia,2013,3187947,8385878,-5197931
Armenia,2014,3303505,8171263,-4867758
Armenia,2015,3175727,6310339,-3134612
Armenia,2016,4075585,6173976,-2098391
Armenia,2017,2761818,3366798,-604980
Armenia,2018,2933991,3730245,-796254
Armenia,2019,3396091,4023342,-627251
Australia,2000,130603214,78396198,52207016
Australia,2001,137030056,75127213,61902843
Australia,2002,142193023,80499504,61693519
Australia,2003,146949848,105409531,41540317
Australia,2004,179951543,118325714,61625829
Australia,2005,192240127,140512660,51727467
Australia,2006,215262722,153517492,61745230
Australia,2007,240746218,202600081,38146137
Australia,2008,301206083,240541696,60664387
Australia,2009,259036449,205820000,53216449
Australia,2010,338140825,245759081,92381744
Australia,2011,427190407,300241121,126949286
Australia,2012,435537801,320235207,115302594
Australia,2013,432790768,300555098,132235670
Australia,2014,419905836,298919385,120986451
Australia,2015,354787286,267490585,87296701
Australia,2016,349465683,255898142,93567541
Australia,2017,184929892,65864799,119065093
Australia,2018,169937265,68512620,101424645
Australia,2019,163370930,71231022,92139908
Austria,2000,84116872,92896893,-8780021
Austria,2001,88777996,96826913,-8048917
Austria,2002,98875197,102082018,-3206821
Austria,2003,124331935,130040723,-5708788
Austria,2004,154573503,155396181,-822678
Austria,2005,167038315,166075346,962969
Austria,2006,189464589,183080728,6383861
Austria,2007,215336420,216622437,-1286017
Austria,2008,241547653,247234827,-5687174
Austria,2009,188808565,199470530,-10661965
Austria,2010,206528138,217422333,-10894195
Austria,2011,239765142,258722314,-18957172
Austria,2012,226752599,243667804,-16915205
Austria,2013,238199112,251533420,-13334308
Austria,2014,243545627,253010992,-9465365
Austria,2015,208856843,217099344,-8242501
Austria,2016,209932209,220297812,-10365603
Austria,2017,63251095,66886851,-3635756
Austria,2018,68268823,70962379,-2693556
Austria,2019,67776529,69013395,-1236866
Azerbaijan,2000,1980991,2196911,-215920
Azerbaijan,2001,2635234,2529085,106149
Azerbaijan,2002,2586810,2763231,-176421
Azerbaijan,2003,3286929,4102825,-815896
Azerbaijan,2004,4489313,5489157,-999844
Azerbaijan,2005,6040259,6303273,-263014
Azerbaijan,2006,8049203,7878300,170903
Azerbaijan,2007,8462004,9996479,-1534475
Azerbaijan,2008,50220726,12377560,37843166
Azerbaijan,2009,17120633,10855038,6265595
Azerbaijan,2010,29160863,12311616,16849247
Azerbaijan,2011,36559413,16433530,20125883
Azerbaijan,2012,36110455,16652713,19457742
Azerbaijan,2013,35708787,18277165,17431622
Azerbaijan,2014,31871335,16155735,15715600
Azerbaijan,2015,18946042,17740823,1205219
Azerbaijan,2016,15378064,15355404,22660
Azerbaijan,2017,3141019,8039450,-4898431
Azerbaijan,2018,3877538,7732346,-3854808
Azerbaijan,2019,4427297,8980590,-4553293
Bahamas,2000,735226,3938391,-3203165
Bahamas,2001,644792,3716150,-3071358
Bahamas,2002,610456,3123782,-2513326
Bahamas,2003,550173,3051000,-2500827
Bahamas,2004,624187,3323426,-2699239
Bahamas,2005,569087,4445675,-3876588
Bahamas,2006,646535,4791969,-4145434
Bahamas,2007,945214,5235700,-4290486
Bahamas,2008,1136219,5595008,-4458789
Bahamas,2009,1372284,4947689,-3575405
Bahamas,2010,759280,4656852,-3897572
Bahamas,2011,883184,5198253,-4315069
Bahamas,2012,997017,6183225,-5186208
Bahamas,2013,991087,5743080,-4751993
Bahamas,2014,849668,6285090,-5435422
Bahamas,2015,541879,5908372,-5366493
Bahamas,2016,535748,4642709,-4106961
Bahamas,2017,48875,2300556,-2251681
Bahamas,2018,42499,2193246,-2150747
Bahamas,2019,46073,2280112,-2234039
Bahrain,2000,6281177,6606205,-325028
Bahrain,2001,5643191,6741649,-1098458
Bahrain,2002,5931238,7612588,-1681350
Bahrain,2003,6895001,8178824,-1283823
Bahrain,2004,7727949,9102067,-1374118
Bahrain,2005,10250495,11010629,-760134
Bahrain,2006,12419998,11438295,981703
Bahrain,2007,13879248,14452883,-573635
Bahrain,2008,17579948,14199885,3380063
Bahrain,2009,13227438,14633344,-1405906
Bahrain,2010,16425619,18014980,-1589361
Bahrain,2011,21687946,19639089,2048857
Bahrain,2012,21998370,20095001,1903369
Bahrain,2013,24873163,22434127,2439036
Bahrain,2014,22888254,22801392,86862
Bahrain,2015,18207852,19638229,-1430377
Bahrain,2016,14155074,17621475,-3466401
Bahrain,2017,2264025,8732104,-6468079
Bahrain,2018,2552498,9211951,-6659453
Bahrain,2019,1681468,8164366,-6482898
Bangladesh,2000,5243692,15876251,-10632559
Bangladesh,2001,6741701,15519957,-8778256
Bangladesh,2002,5617077,15539840,-9922763
Bangladesh,2003,6318329,17658781,-11340452
Bangladesh,2004,7900724,20257781,-12357057
Bangladesh,2005,9281555,23927966,-14646411
Bangladesh,2006,11695748,26008390,-14312642
Bangladesh,2007,14106081,32805368,-18699287
Bangladesh,2008,16489283,38235299,-21746016
Bangladesh,2009,16326017,40611164,-24285147
Bangladesh,2010,20956512,54766839,-33810327
Bangladesh,2011,26663141,70841336,-44178195
Bangladesh,2012,27129456,62976948,-35847492
Bangladesh,2013,31267067,70175871,-38908804
Bangladesh,2014,32959355,80461999,-47502644
Bangladesh,2015,35335807,92344794,-57008987
Bangladesh,2016,37300850,82248733,-44947883
Bangladesh,2017,2283676,53321921,-51038245
Bangladesh,2018,2323316,48565043,-46241727
Bangladesh,2019,2692633,48373754,-45681121
Barbados,2000,529625,1787216,-1257591
Barbados,2001,612366,1920309,-1307943
Barbados,2002,582355,1929520,-1347165
Barbados,2003,551523,2119756,-1568233
Barbados,2004,607276,2178440,-1571164
Barbados,2005,744095,2736980,-1992885
Barbados,2006,812745,2756381,-1943636
Barbados,2007,889953,2907693,-2017740
Barbados,2008,992781,3437022,-2444241
Barbados,2009,815864,2713448,-1897584
Barbados,2010,857040,2932930,-2075890
Barbados,2011,903387,3305550,-2402163
Barbados,2012,1135503,3279071,-2143568
Barbados,2013,933135,3331567,-2398432
Barbados,2014,958594,3299431,-2340837
Barbados,2015,936195,3198135,-2261940
Barbados,2016,980691,3185808,-2205117
Barbados,2017,530578,1592312,-1061734
Barbados,2018,479586,1634230,-1154644
Barbados,2019,438363,1637219,-1198856
Belarus,2000,9689459,13127002,-3437543
Belarus,2001,10250273,12223457,-1973184
Belarus,2002,11051086,13476846,-2425760
Belarus,2003,13742787,16427585,-2684798
Belarus,2004,18999461,23200736,-4201275
Belarus,2005,22091165,23527350,-1436185
Belarus,2006,26635784,30899885,-4264101
Belarus,2007,32425231,38238709,-5813478
Belarus,2008,42771678,52379518,-9607840
Belarus,2009,31978215,38397413,-6419198
Belarus,2010,40416195,47433830,-7017635
Belarus,2011,59434010,60367579,-933569
Belarus,2012,67331619,62667876,4663743
Belarus,2013,62280018,60634030,1645988
Belarus,2014,61153480,61565163,-411683
Belarus,2015,46331974,49829301,-3497327
Belarus,2016,42820348,45693077,-2872729
Belarus,2017,22565771,20188209,2377562
Belarus,2018,23778550,19305035,4473515
Belarus,2019,25193890,20358512,4835378
Belgium,2000,270111422,247100346,23011076
Belgium,2001,271952212,247686279,24265933
Belgium,2002,305294956,275919371,29375585
Belgium,2003,363850757,332037076,31813681
Belgium,2004,432996166,395734667,37261499
Belgium,2005,465540816,432410543,33130273
Belgium,2006,508063836,474055445,34008391
Belgium,2007,600132079,563415387,36716692
Belgium,2008,669426007,645589279,23836728
Belgium,2009,543487503,507848781,35638722
Belgium,2010,583860487,545284256,38576231
Belgium,2011,682191660,653353623,28838037
Belgium,2012,646486689,616690386,29796303
Belgium,2013,680984800,636792828,44191972
Belgium,2014,688299023,646911756,41387267
Belgium,2015,585612788,539379830,46232958
Belgium,2016,592841573,547427383,45414190
Belgium,2017,210546974,182747461,27799513
Belgium,2018,218592634,186296815,32295819
Belgium,2019,210910364,176368097,34542267
Belgium-Luxembourg,2000,0,0,0
Belgium-Luxembourg,2001,0,0,0
Belgium-Luxembourg,2002,0,0,0
Belgium-Luxembourg,2003,0,0,0
Belgium-Luxembourg,2004,0,0,0
Belgium-Luxembourg,2005,0,0,0
Belgium-Luxembourg,2006,0,0,0
Belgium-Luxembourg,2007,0,0,0
Belgium-Luxembourg,2008,0,0,0
Belgium-Luxembourg,2009,0,0,0
Belgium-Luxembourg,2010,0,0,0
Belgium-Luxembourg,2011,0,0,0
Belgium-Luxembourg,2012,0,0,0
Belgium-Luxembourg,2013,0,0,0
Belgium-Luxembourg,2014,0,0,0
Belgium-Luxembourg,2015,0,0,0
Belgium-Luxembourg,2016,0,0,0
Belgium-Luxembourg,2017,0,0,0
Belgium-Luxembourg,2018,0,0,0
Belgium-Luxembourg,2019,0,0,0
Belize,2000,1047188,924589,122599
Belize,2001,830023,784347,45676
Belize,2002,815188,840723,-25535
Belize,2003,883892,844381,39511
Belize,2004,983291,876815,106476
Belize,2005,957055,923884,33171
Belize,2006,1083491,1039095,44396
Belize,2007,965977,1107762,-141785
Belize,2008,1001247,1341967,-340720
Belize,2009,995842,1130164,-134322
Belize,2010,976244,1247009,-270765
Belize,2011,1144545,1336188,-191643
Belize,2012,1317280,1450705,-133425
Belize,2013,1257511,1553406,-295895
Belize,2014,1540892,1867865,-326973
Belize,2015,1466205,1817000,-350795
Belize,2016,1209940,1733554,-523614
Belize,2017,880024,791845,88179
Belize,2018,728268,899943,-171675
Belize,2019,784957,934840,-149883
Benin,2000,1055669,1356964,-301295
Benin,2001,999637,1285443,-285806
Benin,2002,1203386,1660863,-457477
Benin,2003,1498441,1936953,-438512
Benin,2004,1638033,1989453,-351420
Benin,2005,1537700,2245267,-707567
Benin,2006,1823933,3903275,-2079342
Benin,2007,2733955,3792273,-1058318
Benin,2008,3415223,5355490,-1940267
Benin,2009,3691397,4397122,-705725
Benin,2010,4089550,4283442,-193892
Benin,2011,3779519,8931672,-5152153
Benin,2012,2730144,6715249,-3985105
Benin,2013,3443812,8624138,-5180326
Benin,2014,4733977,12623252,-7889275
Benin,2015,3689470,7694121,-4004651
Benin,2016,3197117,9485129,-6288012
Benin,2017,2705550,9075906,-6370356
Benin,2018,3754952,8145115,-4390163
Benin,2019,3402615,5456512,-2053897
Bhutan,2000,167189,295472,-128283
Bhutan,2001,164674,266204,-101530
Bhutan,2002,167329,274184,-106855
Bhutan,2003,187464,355150,-167686
Bhutan,2004,218813,536778,-317965
Bhutan,2005,287667,490508,-202841
Bhutan,2006,431100,504196,-73096
Bhutan,2007,727065,647123,79942
Bhutan,2008,579577,774564,-194987
Bhutan,2009,565966,770145,-204179
Bhutan,2010,788605,1337264,-548659
Bhutan,2011,824956,1444418,-619462
Bhutan,2012,747813,1619106,-871293
Bhutan,2013,691483,1522186,-830703
Bhutan,2014,686333,1474350,-788017
Bhutan,2015,701624,1624279,-922655
Bhutan,2016,607623,1611190,-1003567
Bhutan,2017,127551,675779,-548228
Bhutan,2018,142155,733140,-590985
Bhutan,2019,155624,593413,-437789
Bolivia (Plurinational State of),2000,3168094,3168406,-312
Bolivia (Plurinational State of),2001,2970634,2896698,73936
Bolivia (Plurinational State of),2002,3157502,2990798,166704
Bolivia (Plurinational State of),2003,3716976,2916722,800254
Bolivia (Plurinational State of),2004,4790491,3015006,1775485
Bolivia (Plurinational State of),2005,5316461,3587678,1728783
Bolivia (Plurinational State of),2006,6511440,4190656,2320784
Bolivia (Plurinational State of),2007,7617033,5369806,2247227
Bolivia (Plurinational State of),2008,10750686,7454040,3296646
Bolivia (Plurinational State of),2009,9516786,6554094,2962692
Bolivia (Plurinational State of),2010,10861032,7532181,3328851
Bolivia (Plurinational State of),2011,13853669,10706723,3146946
Bolivia (Plurinational State of),2012,18288748,11324385,6964363
Bolivia (Plurinational State of),2013,20509939,12745150,7764789
Bolivia (Plurinational State of),2014,20838736,14451992,6386744
Bolivia (Plurinational State of),2015,15492934,12872875,2620059
Bolivia (Plurinational State of),2016,13743259,11954273,1788986
Bolivia (Plurinational State of),2017,4937611,3707869,1229742
Bolivia (Plurinational State of),2018,6394281,3676689,2717592
Bolivia (Plurinational State of),2019,6254185,3636562,2617623
Bosnia and Herzegovina,2000,1257079,5281253,-4024174
Bosnia and Herzegovina,2001,1232847,5967658,-4734811
Bosnia and Herzegovina,2002,1222092,7184666,-5962574
Bosnia and Herzegovina,2003,1750000,7893807,-6143807
Bosnia and Herzegovina,2004,2424149,10603328,-8179179
Bosnia and Herzegovina,2005,3105377,12647327,-9541950
Bosnia and Herzegovina,2006,4373441,13650561,-9277120
Bosnia and Herzegovina,2007,5363662,17113115,-11749453
Bosnia and Herzegovina,2008,6547024,21341946,-14794922
Bosnia and Herzegovina,2009,5437269,16620442,-11183173
Bosnia and Herzegovina,2010,6615790,17229029,-10613239
Bosnia and Herzegovina,2011,7921095,20341811,-12420716
Bosnia and Herzegovina,2012,7174585,18802319,-11627734
Bosnia and Herzegovina,2013,7914507,19160318,-11245811
Bosnia and Herzegovina,2014,8170891,20056656,-11885765
Bosnia and Herzegovina,2015,7437521,16827383,-9389862
Bosnia and Herzegovina,2016,7939100,17094419,-9155319
Bosnia and Herzegovina,2017,2882581,8613338,-5730757
Bosnia and Herzegovina,2018,2514713,8843739,-6329026
Bosnia and Herzegovina,2019,2293555,8637985,-6344430
Botswana,2000,3237568,3630940,-393372
Botswana,2001,2947155,3333869,-386714
Botswana,2002,2625365,3012709,-387344
Botswana,2003,3335608,3838768,-503160
Botswana,2004,3962744,4149299,-186555
Botswana,2005,4723566,4469710,253856
Botswana,2006,4799400,4574644,224756
Botswana,2007,5892174,6521507,-629333
Botswana,2008,5670068,8104081,-2434013
Botswana,2009,4313596,7643396,-3329800
Botswana,2010,5874631,8969358,-3094727
Botswana,2011,6526331,10871233,-4344902
Botswana,2012,6595254,11496705,-4901451
Botswana,2013,8529637,11071638,-2542001
Botswana,2014,9338187,11390443,-2052256
Botswana,2015,7067884,10438520,-3370636
Botswana,2016,8020537,9388969,-1368432
Botswana,2017,529620,3182624,-2653004
Botswana,2018,592393,3540707,-2948314
Botswana,2019,453240,3989863,-3536623
Brazil,2000,116650502,79856710,36793792
Brazil,2001,135035936,74356150,60679786
Brazil,2002,140558023,65767582,74790441
Brazil,2003,174402029,68864481,105537548
Brazil,2004,228547192,83911416,144635776
Brazil,2005,267399742,94360700,173039042
Brazil,2006,304503420,118955568,185547852
Brazil,2007,367969346,155296880,212672466
Brazil,2008,482565714,221250093,261315621
Brazil,2009,410054416,166238987,243815429
Brazil,2010,511116538,236931830,274184708
Brazil,2011,652897207,290267965,362629242
Brazil,2012,633585734,285054900,348530834
Brazil,2013,658769399,306446595,352322804
Brazil,2014,608650803,291961398,316689405
Brazil,2015,538169183,219996121,318173062
Brazil,2016,514677645,191524586,323153059
Brazil,2017,377783887,46349184,331434703
Brazil,2018,397768186,46033240,351734946
Brazil,2019,383077321,46341127,336736194
Brunei Darussalam,2000,2859558,2328166,531392
Brunei Darussalam,2001,3639755,2145885,1493870
Brunei Darussalam,2002,3708913,2547330,1161583
Brunei Darussalam,2003,4429985,2455755,1974230
Brunei Darussalam,2004,5061535,2545599,2515936
Brunei Darussalam,2005,6254886,2832320,3422566
Brunei Darussalam,2006,7586325,2912400,4673925
Brunei Darussalam,2007,7678817,3394737,4284080
Brunei Darussalam,2008,10323896,4098175,6225721
Brunei Darussalam,2009,7211617,3914449,3297168
Brunei Darussalam,2010,8911567,4229237,4682330
Brunei Darussalam,2011,12454385,5498346,6956039
Brunei Darussalam,2012,13014688,5737086,7277602
Brunei Darussalam,2013,11517755,5977967,5539788
Brunei Darussalam,2014,10694150,6135732,4558418
Brunei Darussalam,2015,6372356,5519540,852816
Brunei Darussalam,2016,4902905,4924602,-21697
Brunei Darussalam,2017,27451,2042239,-2014788
Brunei Darussalam,2018,29117,2230828,-2201711
Brunei Darussalam,2019,22418,2255363,-2232945
Bulgaria,2000,7055884,8787083,-1731199
Bulgaria,2001,7826392,9738452,-1912060
Bulgaria,2002,9189216,9817122,-627906
Bulgaria,2003,11272527,13868497,-2595970
Bulgaria,2004,14879436,18414212,-3534776
Bulgaria,2005,17752886,22596994,-4844108
Bulgaria,2006,22116260,29115850,-6999590
Bulgaria,2007,26210266,38633976,-12423710
Bulgaria,2008,35681229,49060455,-13379226
Bulgaria,2009,29133259,34506683,-5373424
Bulgaria,2010,37129543,37520807,-391264
Bulgaria,2011,48925787,46722094,2203693
Bulgaria,2012,46273638,46401222,-127584
Bulgaria,2013,54346055,49024926,5321129
Bulgaria,2014,52132213,49490087,2642126
Bulgaria,2015,44624505,42767667,1856838
Bulgaria,2016,47319275,43148717,4170558
Bulgaria,2017,21430706,16090654,5340052
Bulgaria,2018,23234950,17384557,5850393
Bulgaria,2019,24748267,18689367,6058900
Burkina Faso,2000,758240,1591565,-833325
Burkina Faso,2001,950585,1171050,-220465
Burkina Faso,2002,965745,1222210,-256465
Burkina Faso,2003,1785546,1690346,95200
Burkina Faso,2004,2098208,2011379,86829
Burkina Faso,2005,1653157,2483648,-830491
Burkina Faso,2006,1798852,2624574,-825722
Burkina Faso,2007,1979557,2976647,-997090
Burkina Faso,2008,1953153,3485842,-1532689
Burkina Faso,2009,2672943,3412009,-739066
Burkina Faso,2010,3063631,3558951,-495320
Burkina Faso,2011,4694420,4364286,330134
Burkina Faso,2012,4569821,5511992,-942171
Burkina Faso,2013,5890981,6167552,-276571
Burkina Faso,2014,6246974,5783800,463174
Burkina Faso,2015,5328828,5097024,231804
Burkina Faso,2016,6091052,5594147,496905
Burkina Faso,2017,3660772,2204012,1456760
Burkina Faso,2018,3927129,2620029,1307100
Burkina Faso,2019,3376289,2232627,1143662
Burundi,2000,222385,267896,-45511
Burundi,2001,198159,247672,-49513
Burundi,2002,142277,277886,-135609
Burundi,2003,184934,316158,-131224
Burundi,2004,152288,426860,-274572
Burundi,2005,324455,448611,-124156
Burundi,2006,280084,815167,-535083
Burundi,2007,335561,699007,-363446
Burundi,2008,334834,646404,-311570
Burundi,2009,356776,793543,-436767
Burundi,2010,545498,803274,-257776
Burundi,2011,531305,1115206,-583901
Burundi,2012,585897,1629475,-1043578
Burundi,2013,373065,1324028,-950963
Burundi,2014,529151,1196160,-667009
Burundi,2015,481347,1067464,-586117
Burundi,2016,510638,1112415,-601777
Burundi,2017,407203,693884,-286681
Burundi,2018,435636,638695,-203059
Burundi,2019,397016,664198,-267182
Cabo Verde,2000,12865,596102,-583237
Cabo Verde,2001,10550,649095,-638545
Cabo Verde,2002,11869,655646,-643777
Cabo Verde,2003,13617,895176,-881559
Cabo Verde,2004,16846,1046661,-1029815
Cabo Verde,2005,24251,1113027,-1088776
Cabo Verde,2006,33403,1303520,-1270117
Cabo Verde,2007,23046,1698360,-1675314
Cabo Verde,2008,40227,1838758,-1798531
Cabo Verde,2009,40720,1714784,-1674064
Cabo Verde,2010,49307,1756752,-1707445
Cabo Verde,2011,73638,2117537,-2043899
Cabo Verde,2012,74796,1826982,-1752186
Cabo Verde,2013,75004,1857181,-1782177
Cabo Verde,2014,95293,1843652,-1748359
Cabo Verde,2015,78183,1577818,-1499635
Cabo Verde,2016,63782,1658626,-1594844
Cabo Verde,2017,5247,1166377,-1161130
Cabo Verde,2018,6413,1192415,-1186002
Cabo Verde,2019,3800,1189985,-1186185
Cambodia,2000,1423450,2237023,-813573
Cambodia,2001,1544101,2601051,-1056950
Cambodia,2002,1942962,3179837,-1236875
Cambodia,2003,2290879,3371397,-1080518
Cambodia,2004,2868763,4162147,-1293384
Cambodia,2005,3092081,5837117,-2745036
Cambodia,2006,3967915,7169838,-3201923
Cambodia,2007,4412122,8028333,-3616211
Cambodia,2008,5074627,9971566,-4896939
Cambodia,2009,4567652,9778507,-5210855
Cambodia,2010,6083544,9821265,-3737721
Cambodia,2011,8929231,12610333,-3681102
Cambodia,2012,9881992,14451490,-4569498
Cambodia,2013,12362924,16042820,-3679896
Cambodia,2014,9526164,14916836,-5390672
Cambodia,2015,11685725,18066838,-6381113
Cambodia,2016,13425327,19713666,-6288339
Cambodia,2017,5468315,12214267,-6745952
Cambodia,2018,4899080,13711405,-8812325
Cambodia,2019,4930084,8422390,-3492306
Cameroon,2000,3670938,2436105,1234833
Cameroon,2001,4024631,3269335,755296
Cameroon,2002,4225490,3468051,757439
Cameroon,2003,5211474,3902465,1309009
Cameroon,2004,5813845,4696556,1117289
Cameroon,2005,5988231,5223702,764529
Cameroon,2006,6565972,5673088,892884
Cameroon,2007,6846640,6675402,171238
Cameroon,2008,9281135,10059653,-778518
Cameroon,2009,8374803,8515844,-141041
Cameroon,2010,9428483,8855412,573071
Cameroon,2011,10001978,11759046,-1757068
Cameroon,2012,9181278,11815271,-2633993
Cameroon,2013,9413165,13240694,-3827529
Cameroon,2014,10900466,12975997,-2075531
Cameroon,2015,10464715,10915544,-450829
Cameroon,2016,9107589,9420310,-312721
Cameroon,2017,4730022,5177660,-447638
Cameroon,2018,5064320,4864548,199772
Cameroon,2019,5368162,5713228,-345066
Canada,2000,351588122,295443532,56144590
Canada,2001,340944658,279664400,61280258
Canada,2002,329362743,283603733,45759010
Canada,2003,356397014,308810262,47586752
Canada,2004,415516318,347348318,68168000
Canada,2005,463348822,395516241,67832581
Canada,2006,504425057,443108344,61316713
Canada,2007,560244908,498584428,61660480
Canada,2008,632787923,543100523,89687400
Canada,2009,465590712,447616124,17974588
Canada,2010,553294488,534410483,18884005
Canada,2011,648088405,613732076,34356329
Canada,2012,665019668,632164374,32855294
Canada,2013,672455898,635501760,36954138
Canada,2014,701814086,641823533,59990553
Canada,2015,621186630,590345196,30841434
Canada,2016,596165751,571937076,24228675
Canada,2017,217404304,164124056,53280248
Canada,2018,224184707,169186166,54998541
Canada,2019,219365296,170657286,48708010
Central African Republic,2000,266377,232971,33406
Central African Republic,2001,225374,207441,17933
Central African Republic,2002,275796,222190,53606
Central African Republic,2003,182124,231378,-49254
Central African Republic,2004,171920,285325,-113405
Central African Republic,2005,178117,321270,-143153
Central African Republic,2006,222065,370326,-148261
Central African Republic,2007,253140,428989,-175849
Central African Republic,2008,215581,538732,-323151
Central African Republic,2009,184139,582416,-398277
Central African Republic,2010,229280,560187,-330907
Central African Republic,2011,269617,614350,-344733
Central African Republic,2012,304239,635302,-331063
Central African Republic,2013,213781,506387,-292606
Central African Republic,2014,162889,832506,-669617
Central African Republic,2015,170670,721688,-551018
Central African Republic,2016,168594,746079,-577485
Central African Republic,2017,58920,444405,-385485
Central African Republic,2018,50316,416012,-365696
Central African Republic,2019,56925,371448,-314523
Chad,2000,725702,426924,298778
Chad,2001,635823,695147,-59324
Chad,2002,573810,1719267,-1145457
Chad,2003,1049465,1096371,-46906
Chad,2004,2686751,1188063,1498688
Chad,2005,3438143,1498703,1939440
Chad,2006,4211601,1580924,2630677
Chad,2007,4114675,1977115,2137560
Chad,2008,4490868,2658557,1832311
Chad,2009,3071082,2703239,367843
Chad,2010,3743226,3172708,570518
Chad,2011,4927066,3444265,1482801
Chad,2012,4931783,3801537,1130246
Chad,2013,4497811,3607797,890014
Chad,2014,4531765,5258086,-726321
Chad,2015,2684161,4636231,-1952070
Chad,2016,2156801,3305375,-1148574
Chad,2017,316267,803425,-487158
Chad,2018,272453,782770,-510317
Chad,2019,295730,729919,-434189
Chile,2000,33323426,24583441,8739985
Chile,2001,34102627,22916855,11185772
Chile,2002,35411089,22686017,12725072
Chile,2003,39760279,26642321,13117958
Chile,2004,53666246,33243389,20422857
Chile,2005,64836252,42129038,22707214
Chile,2006,84426795,49887389,34539406
Chile,2007,100185740,63838821,36346919
Chile,2008,103760444,82239784,21520660
Chile,2009,93838137,57769956,36068181
Chile,2010,114893708,79276409,35617299
Chile,2011,132606982,100426998,32179984
Chile,2012,130561020,106970752,23590268
Chile,2013,133951557,106896634,27054923
Chile,2014,132514820,100729074,31785746
Chile,2015,115285965,88287948,26998017
Chile,2016,115801459,85115693,30685766
Chile,2017,54608649,30007599,24601050
Chile,2018,58931666,32852061,26079605
Chile,2019,59943512,32934668,27008844
China,2000,689428391,697010099,-7581708
China,2001,664619509,675997188,-11377679
China,2002,748656383,735509557,13146826
China,2003,912906982,931495269,-18588287
China,2004,1136533102,1208948743,-72415641
China,2005,1366011761,1355355418,10656343
China,2006,1637515228,1562034793,75480435
China,2007,1970850669,1842183549,128667120
China,2008,2229635398,2177391050,52244348
China,2009,1904860681,1903938703,921978
China,2010,2461077936,2592830957,-131753021
China,2011,2912807873,3186857661,-274049788
China,2012,3099830677,3375642006,-275811329
China,2013,3324978194,3616372937,-291394743
China,2014,3477359406,3618866340,-141506934
China,2015,3363259534,3206386449,156873085
China,2016,3205550773,3069958876,135591897
China,2017,325755783,775100401,-449344618
China,2018,343559833,810172798,-466612965
China,2019,343789801,849569096,-505779295
"China, Hong Kong SAR",2000,222136478,251694321,-29557843
"China, Hong Kong SAR",2001,206952159,239014846,-32062687
"China, Hong Kong SAR",2002,215048494,243311450,-28262956
"China, Hong Kong SAR",2003,239143215,268802826,-29659611
"China, Hong Kong SAR",2004,274130073,309311773,-35181700
"China, Hong Kong SAR",2005,303725618,338242602,-34516984
"China, Hong Kong SAR",2006,333147073,371272458,-38125385
"China, Hong Kong SAR",2007,368905634,418771432,-49865798
"China, Hong Kong SAR",2008,395137274,454549487,-59412213
"China, Hong Kong SAR",2009,355877101,417918225,-62041124
"China, Hong Kong SAR",2010,431927141,520424212,-88497071
"China, Hong Kong SAR",2011,491750715,604133543,-112382828
"China, Hong Kong SAR",2012,528685385,649785262,-121099877
"China, Hong Kong SAR",2013,573710685,731133808,-157423123
"China, Hong Kong SAR",2014,566195451,721625204,-155429753
"China, Hong Kong SAR",2015,555570227,672894024,-117323797
"China, Hong Kong SAR",2016,565989293,665953602,-99964309
"China, Hong Kong SAR",2017,53919178,122051500,-68132322
"China, Hong Kong SAR",2018,56811497,125991854,-69180357
"China, Hong Kong SAR",2019,50213752,117912049,-67698297
"China, Macao SAR",2000,2714989,3479814,-764825
"China, Macao SAR",2001,2484087,3891545,-1407458
"China, Macao SAR",2002,2581028,4114139,-1533111
"China, Macao SAR",2003,2835327,4421741,-1586414
"China, Macao SAR",2004,2987868,5353232,-2365364
"China, Macao SAR",2005,2547624,6106732,-3559108
"China, Macao SAR",2006,2762542,6930673,-4168131
"China, Macao SAR",2007,2733335,8164547,-5431212
"China, Macao SAR",2008,2252651,8926173,-6673522
"China, Macao SAR",2009,1183966,8247672,-7063706
"China, Macao SAR",2010,944653,9844120,-8899467
"China, Macao SAR",2011,974232,13542019,-12567787
"China, Macao SAR",2012,1096527,14571180,-13474653
"China, Macao SAR",2013,1180787,14635068,-13454281
"China, Macao SAR",2014,1667296,18863085,-17195789
"China, Macao SAR",2015,1454937,18295056,-16840119
"China, Macao SAR",2016,1392419,15641100,-14248681
"China, Macao SAR",2017,446782,8554412,-8107630
"China, Macao SAR",2018,310807,8969686,-8658879
"China, Macao SAR",2019,186186,8381067,-8194881
"China, mainland",2000,307940095,274631569,33308526
"China, mainland",2001,323831590,296155326,27676264
"China, mainland",2002,391318907,348297249,43021658
"China, mainland",2003,515813514,500667408,15146106
"China, mainland",2004,672316219,692373080,-20056861
"China, mainland",2005,856275607,793139260,63136347
"China, mainland",2006,1072548042,945122647,127425395
"China, mainland",2007,1348008820,1153836993,194171827
"China, mainland",2008,1571454323,1425253800,146200523
"China, mainland",2009,1337654126,1261666451,75987675
"China, mainland",2010,1745467330,1761118228,-15650898
"China, mainland",2011,2101765215,2228290503,-126525288
"China, mainland",2012,2257804760,2382306671,-124501911
"China, mainland",2013,2432162462,2542919017,-110756555
"China, mainland",2014,2576545521,2536997392,39548129
"China, mainland",2015,2507857541,2222420423,285437118
"China, mainland",2016,2344173139,2102503047,241670092
"China, mainland",2017,256391057,585148861,-328757804
"China, mainland",2018,269405404,614701288,-345295884
"China, mainland",2019,275455853,662378610,-386922757
"China, Taiwan Province of",2000,156636840,167204387,-10567547
"China, Taiwan Province of",2001,131351673,136935471,-5583798
"China, Taiwan Province of",2002,139707954,139786719,-78765
"China, Taiwan Province of",2003,155114926,157603294,-2488368
"China, Taiwan Province of",2004,187098942,201910658,-14811716
"China, Taiwan Province of",2005,203462912,217866825,-14403913
"China, Taiwan Province of",2006,229057571,238709015,-9651444
"China, Taiwan Province of",2007,251202880,261410577,-10207697
"China, Taiwan Province of",2008,260791150,288661590,-27870440
"China, Taiwan Province of",2009,210145488,216106355,-5960867
"China, Taiwan Province of",2010,282738812,301444397,-18705585
"China, Taiwan Province of",2011,318317711,340891596,-22573885
"China, Taiwan Province of",2012,312244005,328978893,-16734888
"China, Taiwan Province of",2013,317924260,327685044,-9760784
"China, Taiwan Province of",2014,332951138,341380659,-8429521
"China, Taiwan Province of",2015,298376829,292776946,5599883
"China, Taiwan Province of",2016,293995922,285861127,8134795
"China, Taiwan Province of",2017,14998766,59345628,-44346862
"China, Taiwan Province of",2018,17032125,60509970,-43477845
"China, Taiwan Province of",2019,17934010,60897370,-42963360
Colombia,2000,27201019,18063886,9137133
Colombia,2001,25215513,20386228,4829285
Colombia,2002,25029024,20500177,4528847
Colombia,2003,26671002,21995999,4675003
Colombia,2004,32683930,25695323,6988607
Colombia,2005,42096604,30189181,11907423
Colombia,2006,46819674,35755044,11064630
Colombia,2007,56919785,47441511,9478274
Colombia,2008,68615854,58615126,10000728
Colombia,2009,60580534,48837707,11742827
Colombia,2010,66620005,59191929,7428076
Colombia,2011,90255412,78669761,11585651
Colombia,2012,90167650,86801753,3365897
Colombia,2013,89297291,86022873,3274418
Colombia,2014,89108782,91248131,-2139349
Colombia,2015,68805010,79681857,-10876847
Colombia,2016,64310459,71606812,-7296353
Colombia,2017,35204675,26794102,8410573
Colombia,2018,34771445,29456278,5315167
Colombia,2019,35088190,29986330,5101860
Comoros,2000,48279,122976,-74697
Comoros,2001,53593,132520,-78927
Comoros,2002,63285,184757,-121472
Comoros,2003,161057,208937,-47880
Comoros,2004,168275,249649,-81374
Comoros,2005,91920,306834,-214914
Comoros,2006,89139,306607,-217468
Comoros,2007,73716,385038,-311322
Comoros,2008,57323,474173,-416850
Comoros,2009,71788,488239,-416451
Comoros,2010,87226,611747,-524521
Comoros,2011,139424,619765,-480341
Comoros,2012,167863,712817,-544954
Comoros,2013,191018,638414,-447396
Comoros,2014,123835,765932,-642097
Comoros,2015,78479,1199722,-1121243
Comoros,2016,177468,805304,-627836
Comoros,2017,177800,512775,-334975
Comoros,2018,190622,666356,-475734
Comoros,2019,118932,443122,-324190
Congo,2000,2565807,1202014,1363793
Congo,2001,2146440,1408027,738413
Congo,2002,2215198,1512065,703133
Congo,2003,2782267,1864130,918137
Congo,2004,3567638,2235729,1331909
Congo,2005,4907208,2218268,2688940
Congo,2006,6889797,3424773,3465024
Congo,2007,5976995,4191235,1785760
Congo,2008,8561602,4471574,4090028
Congo,2009,6300413,4826563,1473850
Congo,2010,9438626,5473943,3964683
Congo,2011,11710784,8202545,3508239
Congo,2012,10743137,7689860,3053277
Congo,2013,9867348,7998486,1868862
Congo,2014,9016012,10004073,-988061
Congo,2015,8410595,8180920,229675
Congo,2016,8090754,7121258,969496
Congo,2017,66666,2840752,-2774086
Congo,2018,77655,2418626,-2340971
Congo,2019,59579,2477250,-2417671
Cook Islands,2000,10537,105316,-94779
Cook Islands,2001,7924,98865,-90941
Cook Islands,2002,7429,99244,-91815
Cook Islands,2003,15724,143902,-128178
Cook Islands,2004,19893,166577,-146684
Cook Islands,2005,13939,187934,-173995
Cook Islands,2006,9933,198185,-188252
Cook Islands,2007,11317,222561,-211244
Cook Islands,2008,9153,274635,-265482
Cook Islands,2009,7387,194323,-186936
Cook Islands,2010,9984,223844,-213860
Cook Islands,2011,6265,234737,-228472
Cook Islands,2012,8100,275421,-267321
Cook Islands,2013,11015,282227,-271212
Cook Islands,2014,20145,304665,-284520
Cook Islands,2015,15886,266167,-250281
Cook Islands,2016,15704,277716,-262012
Cook Islands,2017,3985,194566,-190581
Cook Islands,2018,5318,200856,-195538
Cook Islands,2019,5274,207453,-202179
Costa Rica,2000,13345760,8550585,4795175
Costa Rica,2001,11760960,8334962,3425998
Costa Rica,2002,12224661,9596598,2628063
Costa Rica,2003,14014113,10410089,3604024
Costa Rica,2004,15256684,11630401,3626283
Costa Rica,2005,16830045,12645263,4184782
Costa Rica,2006,19874274,16226067,3648207
Costa Rica,2007,21995487,17951798,4043689
Costa Rica,2008,25182897,21871013,3311884
Costa Rica,2009,23294535,16639412,6655123
Costa Rica,2010,25228816,19343735,5885081
Costa Rica,2011,28228161,24190412,4037749
Costa Rica,2012,30196913,26059427,4137486
Costa Rica,2013,31025161,26526233,4498928
Costa Rica,2014,32023510,26301550,5721960
Costa Rica,2015,29749036,24888662,4860374
Costa Rica,2016,30243147,24903752,5339395
Costa Rica,2017,24319733,10053244,14266489
Costa Rica,2018,22987194,9811759,13175435
Costa Rica,2019,22362841,9847425,12515416
Côte d'Ivoire,2000,13314123,5083513,8230610
Côte d'Ivoire,2001,14303370,5640184,8663186
Côte d'Ivoire,2002,19983648,6049138,13934510
Côte d'Ivoire,2003,21286115,6564206,14721909
Côte d'Ivoire,2004,21964942,8153731,13811211
Côte d'Ivoire,2005,22096158,9503942,12592216
Côte d'Ivoire,2006,23696419,10077794,13618625
Côte d'Ivoire,2007,25481596,10929314,14552282
Côte d'Ivoire,2008,31735637,14191989,17543648
Côte d'Ivoire,2009,36374958,14058191,22316767
Côte d'Ivoire,2010,37879314,14409686,23469628
Côte d'Ivoire,2011,44853011,15845703,29007308
Côte d'Ivoire,2012,39801663,21189874,18611789
Côte d'Ivoire,2013,39795378,20246026,19549352
Côte d'Ivoire,2014,49542464,19045651,30496813
Côte d'Ivoire,2015,48331550,17223635,31107915
Côte d'Ivoire,2016,45618264,16072880,29545384
Côte d'Ivoire,2017,39755688,8266373,31489315
Côte d'Ivoire,2018,38224504,9518861,28705643
Côte d'Ivoire,2019,39523717,9053783,30469934
Croatia,2000,6191834,11006895,-4815061
Croatia,2001,6536012,12789899,-6253887
Croatia,2002,7194058,15131904,-7937846
Croatia,2003,9239566,19826048,-10586482
Croatia,2004,11051681,23170504,-12118823
Croatia,2005,12612157,24986284,-12374127
Croatia,2006,15218736,223128147,-207909411
Croatia,2007,17794918,35313818,-17518900
Croatia,2008,19970950,42264630,-22293680
Croatia,2009,16165116,31109331,-14944215
Croatia,2010,17579345,29703144,-12123799
Croatia,2011,19880991,34179498,-14298507
Croatia,2012,19136528,32088067,-12951539
Croatia,2013,18316248,33052460,-14736212
Croatia,2014,21329615,36778157,-15448542
Croatia,2015,20486753,33319620,-12832867
Croatia,2016,22542988,35203756,-12660768
Croatia,2017,9642109,14985249,-5343140
Croatia,2018,10922513,16411951,-5489438
Croatia,2019,10755937,17086009,-6330072
Cuba,2000,4797158,8429560,-3632402
Cuba,2001,5842922,8854325,-3011403
Cuba,2002,4135684,7705966,-3570282
Cuba,2003,4198052,8872861,-4674809
Cuba,2004,4760023,10517597,-5757574
Cuba,2005,4001749,14759756,-10758007
Cuba,2006,5135540,16171408,-11035868
Cuba,2007,6219557,19613108,-13393551
Cuba,2008,6454920,28433889,-21978969
Cuba,2009,5376009,18779247,-13403238
Cuba,2010,7312350,20207986,-12895636
Cuba,2011,9385627,25302225,-15916598
Cuba,2012,9163376,23845450,-14682074
Cuba,2013,8937443,25705253,-16767810
Cuba,2014,7679360,25788867,-18109507
Cuba,2015,6191644,22865273,-16673629
Cuba,2016,5096774,21639827,-16543053
Cuba,2017,3388163,11627859,-8239696
Cuba,2018,2229369,11337134,-9107765
Cuba,2019,2126037,11094502,-8968465
Cyprus,2000,2702312,6990474,-4288162
Cyprus,2001,2686588,6816763,-4130175
Cyprus,2002,1929876,6348244,-4418368
Cyprus,2003,2132051,6878408,-4746357
Cyprus,2004,2015731,8530748,-6515017
Cyprus,2005,2550407,9623284,-7072877
Cyprus,2006,2424639,10632122,-8207483
Cyprus,2007,2662802,13473053,-10810251
Cyprus,2008,3025265,16905590,-13880325
Cyprus,2009,2495596,13127235,-10631639
Cyprus,2010,2683634,14061530,-11377896
Cyprus,2011,3334943,14724679,-11389736
Cyprus,2012,3146506,12948702,-9802196
Cyprus,2013,3770221,12015828,-8245607
Cyprus,2014,4850307,13950059,-9099752
Cyprus,2015,4754102,12029682,-7275580
Cyprus,2016,4676853,13018794,-8341941
Cyprus,2017,1939737,5729642,-3789905
Cyprus,2018,2266413,6203844,-3937431
Cyprus,2019,2274449,6038560,-3764111
Czechia,2000,35004544,40516612,-5512068
Czechia,2001,39356734,45426343,-6069609
Czechia,2002,44969272,51299951,-6330679
Czechia,2003,56911633,64949635,-8038002
Czechia,2004,80793279,88701130,-7907851
Czechia,2005,93408671,98026041,-4617370
Czechia,2006,111557528,118016365,-6458837
Czechia,2007,145469775,149721360,-4251585
Czechia,2008,176113465,179726891,-3613426
Czechia,2009,137726697,138441099,-714402
Czechia,2010,158282325,162775547,-4493222
Czechia,2011,194399176,195840849,-1441673
Czechia,2012,191786314,184639580,7146734
Czechia,2013,198536705,188787123,9749582
Czechia,2014,214808693,200334956,14473737
Czechia,2015,195749079,184709799,11039280
Czechia,2016,200387050,187388042,12999008
Czechia,2017,38144956,47098160,-8953204
Czechia,2018,39073170,50368798,-11295628
Czechia,2019,38754419,50378288,-11623869
Czechoslovakia,2000,0,0,0
Czechoslovakia,2001,0,0,0
Czechoslovakia,2002,0,0,0
Czechoslovakia,2003,0,0,0
Czechoslovakia,2004,0,0,0
Czechoslovakia,2005,0,0,0
Czechoslovakia,2006,0,0,0
Czechoslovakia,2007,0,0,0
Czechoslovakia,2008,0,0,0
Czechoslovakia,2009,0,0,0
Czechoslovakia,2010,0,0,0
Czechoslovakia,2011,0,0,0
Czechoslovakia,2012,0,0,0
Czechoslovakia,2013,0,0,0
Czechoslovakia,2014,0,0,0
Czechoslovakia,2015,0,0,0
Czechoslovakia,2016,0,0,0
Czechoslovakia,2017,0,0,0
Czechoslovakia,2018,0,0,0
Czechoslovakia,2019,0,0,0
Democratic People's Republic of Korea,2000,869500,4186742,-3317242
Democratic People's Republic of Korea,2001,897824,4140823,-3242999
Democratic People's Republic of Korea,2002,1125351,4026111,-2900760
Democratic People's Republic of Korea,2003,1160149,4236738,-3076589
Democratic People's Republic of Korea,2004,1378229,4920504,-3542275
Democratic People's Republic of Korea,2005,1472429,5470545,-3998116
Democratic People's Republic of Korea,2006,2091528,4473672,-2382144
Democratic People's Republic of Korea,2007,1723589,6393332,-4669743
Democratic People's Republic of Korea,2008,2115270,5204655,-3089385
Democratic People's Republic of Korea,2009,2099460,4943719,-2844259
Democratic People's Republic of Korea,2010,2615642,5385410,-2769768
Democratic People's Republic of Korea,2011,3866492,6552738,-2686246
Democratic People's Republic of Korea,2012,4090034,7805907,-3715873
Democratic People's Republic of Korea,2013,3994119,8478110,-4483991
Democratic People's Republic of Korea,2014,5010203,10359509,-5349306
Democratic People's Republic of Korea,2015,4518432,9276738,-4758306
Democratic People's Republic of Korea,2016,3347602,7875620,-4528018
Democratic People's Republic of Korea,2017,487810,4293252,-3805442
Democratic People's Republic of Korea,2018,97167,4836912,-4739745
Democratic People's Republic of Korea,2019,17720,5106377,-5088657
Democratic Republic of the Congo,2000,1086530,1742732,-656202
Democratic Republic of the Congo,2001,988182,1807649,-819467
Democratic Republic of the Congo,2002,1194391,2435878,-1241487
Democratic Republic of the Congo,2003,1443613,3111064,-1667451
Democratic Republic of the Congo,2004,1988755,4184278,-2195523
Democratic Republic of the Congo,2005,2203934,4475761,-2271827
Democratic Republic of the Congo,2006,2544933,6081307,-3536374
Democratic Republic of the Congo,2007,2839729,6371066,-3531337
Democratic Republic of the Congo,2008,4668136,8120387,-3452251
Democratic Republic of the Congo,2009,3835705,8584843,-4749138
Democratic Republic of the Congo,2010,5668466,9079853,-3411387
Democratic Republic of the Congo,2011,6909520,10944847,-4035327
Democratic Republic of the Congo,2012,6522393,11675068,-5152675
Democratic Republic of the Congo,2013,6519327,12096796,-5577469
Democratic Republic of the Congo,2014,8252167,13363650,-5111483
Democratic Republic of the Congo,2015,6113078,11754828,-5641750
Democratic Republic of the Congo,2016,5742575,9089737,-3347162
Democratic Republic of the Congo,2017,391434,5832901,-5441467
Democratic Republic of the Congo,2018,336286,6211105,-5874819
Democratic Republic of the Congo,2019,440342,6185042,-5744700
Denmark,2000,93047437,65842430,27205007
Denmark,2001,95380317,65980606,29399711
Denmark,2002,104011518,73939824,30071694
Denmark,2003,120588187,86118054,34470133
Denmark,2004,139230174,101748197,37481977
Denmark,2005,149092164,111594596,37497568
Denmark,2006,162879613,125775539,37104074
Denmark,2007,180410916,146798252,33612664
Denmark,2008,204093787,166563823,37529964
Denmark,2009,170235860,128488849,41747011
Denmark,2010,174379526,131986346,42393180
Denmark,2011,200288096,151954559,48333537
Denmark,2012,191475508,143920247,47555261
Denmark,2013,201658268,153342131,48316137
Denmark,2014,199894743,157744121,42150622
Denmark,2015,170602113,136368598,34233515
Denmark,2016,168493228,134690561,33802667
Denmark,2017,79661697,52687772,26973925
Denmark,2018,79952308,57409905,22542403
Denmark,2019,77612561,54268417,23344144
Djibouti,2000,43621,846896,-803275
Djibouti,2001,46476,587508,-541032
Djibouti,2002,146382,1003003,-856621
Djibouti,2003,98952,1006859,-907907
Djibouti,2004,81322,994266,-912944
Djibouti,2005,103407,1302419,-1199012
Djibouti,2006,299388,1453089,-1153701
Djibouti,2007,210906,2138055,-1927149
Djibouti,2008,223382,2716906,-2493524
Djibouti,2009,259800,2649440,-2389640
Djibouti,2010,361137,2652148,-2291011
Djibouti,2011,330836,4283762,-3952926
Djibouti,2012,295707,4395740,-4100033
Djibouti,2013,304617,5218765,-4914148
Djibouti,2014,520944,6551868,-6030924
Djibouti,2015,371742,6863482,-6491740
Djibouti,2016,2179198,7149249,-4970051
Djibouti,2017,503903,4923225,-4419322
Djibouti,2018,924138,5519057,-4594919
Djibouti,2019,720711,3889804,-3169093
Dominica,2000,166131,275690,-109559
Dominica,2001,139729,270878,-131149
Dominica,2002,125012,245272,-120260
Dominica,2003,109477,260053,-150576
Dominica,2004,117770,293505,-175735
Dominica,2005,113011,315094,-202083
Dominica,2006,112860,329182,-216322
Dominica,2007,99648,387708,-288060
Dominica,2008,116239,485916,-369677
Dominica,2009,89420,418684,-329264
Dominica,2010,81444,416966,-335522
Dominica,2011,76349,410063,-333714
Dominica,2012,57864,465279,-407415
Dominica,2013,89298,512783,-423485
Dominica,2014,61608,481679,-420071
Dominica,2015,56873,435348,-378475
Dominica,2016,56958,427086,-370128
Dominica,2017,38012,193520,-155508
Dominica,2018,23492,196916,-173424
Dominica,2019,22762,199546,-176784
Dominican Republic,2000,3461750,9092151,-5630401
Dominican Republic,2001,3278038,8554246,-5276208
Dominican Republic,2002,3464747,10022958,-6558211
Dominican Republic,2003,3802566,8553896,-4751330
Dominican Republic,2004,4030411,9050443,-5020032
Dominican Republic,2005,4149743,11683960,-7534217
Dominican Republic,2006,5279438,13795471,-8516033
Dominican Republic,2007,6167227,15959482,-9792255
Dominican Republic,2008,10928299,23714083,-12785784
Dominican Republic,2009,10171178,18938154,-8766976
Dominican Republic,2010,12451614,23327515,-10875901
Dominican Republic,2011,14579114,26594978,-12015864
Dominican Republic,2012,16776329,26917677,-10141348
Dominican Republic,2013,17725001,26528154,-8803153
Dominican Republic,2014,20268506,28647197,-8378691
Dominican Republic,2015,18607475,28686723,-10079248
Dominican Republic,2016,19101696,29323110,-10221414
Dominican Republic,2017,10115604,13482279,-3366675
Dominican Republic,2018,9845192,14611773,-4766581
Dominican Republic,2019,8865783,14815099,-5949316
Ecuador,2000,11493445,5431054,6062391
Ecuador,2001,12099299,7653398,4445901
Ecuador,2002,13593428,9165942,4427486
Ecuador,2003,15811061,9479011,6332050
Ecuador,2004,17379757,11307480,6072277
Ecuador,2005,20561001,13454379,7106622
Ecuador,2006,25328276,16365687,8962589
Ecuador,2007,27927039,19295992,8631047
Ecuador,2008,35383594,26056879,9326715
Ecuador,2009,32639682,21019097,11620585
Ecuador,2010,37436757,27974476,9462281
Ecuador,2011,46180563,33290646,12889917
Ecuador,2012,46345528,34110810,12234718
Ecuador,2013,49154163,36365217,12788946
Ecuador,2014,52641757,37391511,15250246
Ecuador,2015,46235668,30040425,16195243
Ecuador,2016,44230101,24065786,20164315
Ecuador,2017,28902295,9248533,19653762
Ecuador,2018,29885734,10432438,19453296
Ecuador,2019,30395665,10593713,19801952
Egypt,2000,9020593,34155954,-25135361
Egypt,2001,10232552,31922814,-21690262
Egypt,2002,10530126,30896472,-20366346
Egypt,2003,12929815,27921684,-14991869
Egypt,2004,17100795,32469485,-15368690
Egypt,2005,19820086,43196079,-23375993
Egypt,2006,24072916,51961667,-27888751
Egypt,2007,27223475,67703366,-40479891
Egypt,2008,36912841,90734540,-53821699
Egypt,2009,44850718,86906230,-42055512
Egypt,2010,40969172,108326618,-67357446
Egypt,2011,55751375,132101567,-76350192
Egypt,2012,49132203,142181988,-93049785
Egypt,2013,52101036,124604006,-72502970
Egypt,2014,48322014,135271806,-86949792
Egypt,2015,42846950,126463167,-83616217
Egypt,2016,46642024,112061115,-65419091
Egypt,2017,23895259,63608639,-39713380
Egypt,2018,24436084,68971871,-44535787
Egypt,2019,26659710,77044715,-50385005
El Salvador,2000,5942288,8410445,-2468157
El Salvador,2001,4748568,8255966,-3507398
El Salvador,2002,4818214,8669349,-3851135
El Salvador,2003,4991944,9523748,-4531804
El Salvador,2004,5321836,10527764,-5205928
El Salvador,2005,5833452,11249882,-5416430
El Salvador,2006,6332763,12666982,-6334219
El Salvador,2007,7106874,14688139,-7581265
El Salvador,2008,8415352,16976178,-8560826
El Salvador,2009,7561009,13832692,-6271683
El Salvador,2010,8691851,15341390,-6649539
El Salvador,2011,11217853,18434382,-7216529
El Salvador,2012,10691082,18455873,-7764791
El Salvador,2013,10680494,18726377,-8045883
El Salvador,2014,9612514,19034506,-9421992
El Salvador,2015,10295298,19150564,-8855266
El Salvador,2016,9706247,18817182,-9110935
El Salvador,2017,4617402,8859183,-4241781
El Salvador,2018,4518567,9715638,-5197071
El Salvador,2019,5000574,10710471,-5709897
Equatorial Guinea,2000,1272215,572866,699349
Equatorial Guinea,2001,1769688,911737,857951
Equatorial Guinea,2002,2137390,650215,1487175
Equatorial Guinea,2003,2817471,1469908,1347563
Equatorial Guinea,2004,4634278,1846996,2787282
Equatorial Guinea,2005,7161917,2395371,4766546
Equatorial Guinea,2006,8857752,2333236,6524516
Equatorial Guinea,2007,10230453,3181735,7048718
Equatorial Guinea,2008,15915913,4341692,11574221
Equatorial Guinea,2009,9110333,5639707,3470626
Equatorial Guinea,2010,10011408,5870300,4141108
Equatorial Guinea,2011,13509638,7411349,6098289
Equatorial Guinea,2012,15507583,8403116,7104467
Equatorial Guinea,2013,14506766,8052621,6454145
Equatorial Guinea,2014,12810066,7898117,4911949
Equatorial Guinea,2015,6511973,5030385,1481588
Equatorial Guinea,2016,4914308,3733068,1181240
Equatorial Guinea,2017,10137,1320531,-1310394
Equatorial Guinea,2018,19538,1233314,-1213776
Equatorial Guinea,2019,8342,1187276,-1178934
Eritrea,2000,44078,807980,-763902
Eritrea,2001,29602,703098,-673496
Eritrea,2002,44792,657141,-612349
Eritrea,2003,12695,1013520,-1000825
Eritrea,2004,24745,1138521,-1113776
Eritrea,2005,18679,1254155,-1235476
Eritrea,2006,17799,799406,-781607
Eritrea,2007,28506,978268,-949762
Eritrea,2008,20188,1016427,-996239
Eritrea,2009,28723,1098913,-1070190
Eritrea,2010,19105,1140213,-1121108
Eritrea,2011,42881,1573714,-1530833
Eritrea,2012,43757,1415047,-1371290
Eritrea,2013,43757,1462970,-1419213
Eritrea,2014,636295,1698050,-1061755
Eritrea,2015,501601,1539490,-1037889
Eritrea,2016,444125,1602066,-1157941
Eritrea,2017,7856,633769,-625913
Eritrea,2018,11301,701629,-690328
Eritrea,2019,7797,771051,-763254
Estonia,2000,5104707,7757665,-2652958
Estonia,2001,5456944,8010218,-2553274
Estonia,2002,6243274,9152120,-2908846
Estonia,2003,6828691,10783388,-3954697
Estonia,2004,7851308,12506548,-4655240
Estonia,2005,10055738,14019829,-3964091
Estonia,2006,12368810,17787557,-5418747
Estonia,2007,15413830,22149232,-6735402
Estonia,2008,17530189,23724820,-6194631
Estonia,2009,12910790,15977733,-3066943
Estonia,2010,16181506,18541142,-2359636
Estonia,2011,22747046,25439714,-2692668
Estonia,2012,22472292,25537758,-3065466
Estonia,2013,22743273,26097937,-3354664
Estonia,2014,22441492,26153413,-3711921
Estonia,2015,17654761,20669673,-3014912
Estonia,2016,18000756,21374856,-3374100
Estonia,2017,5444837,7040657,-1595820
Estonia,2018,5552762,7562773,-2010011
Estonia,2019,6135337,7490872,-1355535
Eswatini,2000,2248416,2058131,190285
Eswatini,2001,2253878,2017044,236834
Eswatini,2002,1823411,1927068,-103657
Eswatini,2003,2661474,2641822,19652
Eswatini,2004,3349335,3605482,-256147
Eswatini,2005,3232610,3585010,-352400
Eswatini,2006,3993480,3618985,374495
Eswatini,2007,3499813,4020004,-520191
Eswatini,2008,2723220,2398759,324461
Eswatini,2009,2535522,2591847,-56325
Eswatini,2010,2780242,2766748,13494
Eswatini,2011,3064531,2759843,304688
Eswatini,2012,2931890,2744208,187682
Eswatini,2013,4128767,3336138,792629
Eswatini,2014,4027131,3329117,698014
Eswatini,2015,4086864,2804090,1282774
Eswatini,2016,3423519,2762448,661071
Eswatini,2017,1865416,1473279,392137
Eswatini,2018,2021982,1588465,433517
Eswatini,2019,2395833,1641138,754695
Ethiopia,2000,2154466,2803040,-648574
Ethiopia,2001,1366171,3174394,-1808223
Ethiopia,2002,2143221,2581070,-437849
Ethiopia,2003,2725372,5436794,-2711422
Ethiopia,2004,3739403,2909323,830080
Ethiopia,2005,5977676,6457617,-479941
Ethiopia,2006,5454434,7519176,-2064742
Ethiopia,2007,6269234,8231355,-1962121
Ethiopia,2008,8211070,14635706,-6424636
Ethiopia,2009,8073180,13303170,-5229990
Ethiopia,2010,11035337,14349252,-3313915
Ethiopia,2011,13246390,16201457,-2955067
Ethiopia,2012,14386923,18780891,-4393968
Ethiopia,2013,20326722,24491423,-4164701
Ethiopia,2014,23411186,24756609,-1345423
Ethiopia,2015,21977401,30495465,-8518064
Ethiopia,2016,10419917,27888172,-17468255
Ethiopia,2017,8307767,9690198,-1382431
Ethiopia,2018,5741850,11205698,-5463848
Ethiopia,2019,9285533,10161038,-875505
Ethiopia PDR,2000,0,0,0
Ethiopia PDR,2001,0,0,0
Ethiopia PDR,2002,0,0,0
Ethiopia PDR,2003,0,0,0
Ethiopia PDR,2004,0,0,0
Ethiopia PDR,2005,0,0,0
Ethiopia PDR,2006,0,0,0
Ethiopia PDR,2007,0,0,0
Ethiopia PDR,2008,0,0,0
Ethiopia PDR,2009,0,0,0
Ethiopia PDR,2010,0,0,0
Ethiopia PDR,2011,0,0,0
Ethiopia PDR,2012,0,0,0
Ethiopia PDR,2013,0,0,0
Ethiopia PDR,2014,0,0,0
Ethiopia PDR,2015,0,0,0
Ethiopia PDR,2016,0,0,0
Ethiopia PDR,2017,0,0,0
Ethiopia PDR,2018,0,0,0
Ethiopia PDR,2019,0,0,0
Faroe Islands,2000,541621,891364,-349743
Faroe Islands,2001,581288,899894,-318606
Faroe Islands,2002,573146,862279,-289133
Faroe Islands,2003,690955,1184632,-493677
Faroe Islands,2004,562863,927912,-365049
Faroe Islands,2005,706887,1139948,-433061
Faroe Islands,2006,834453,1207629,-373176
Faroe Islands,2007,948928,1483145,-534217
Faroe Islands,2008,990315,1529654,-539339
Faroe Islands,2009,845893,1391266,-545373
Faroe Islands,2010,932951,1327288,-394337
Faroe Islands,2011,1091480,1582036,-490556
Faroe Islands,2012,1073074,1713528,-640454
Faroe Islands,2013,1231097,1749100,-518003
Faroe Islands,2014,1261042,1921443,-660401
Faroe Islands,2015,1109666,1557087,-447421
Faroe Islands,2016,1377595,1694329,-316734
Faroe Islands,2017,120129,809696,-689567
Faroe Islands,2018,85824,894729,-808905
Faroe Islands,2019,146388,824022,-677634
Fiji,2000,1207311,1386902,-179591
Fiji,2001,1188274,1450716,-262442
Fiji,2002,1233719,1494137,-260418
Fiji,2003,1521087,1965218,-444131
Fiji,2004,1631402,2343200,-711798
Fiji,2005,1856825,2575927,-719102
Fiji,2006,1851366,2825823,-974457
Fiji,2007,2087461,3169117,-1081656
Fiji,2008,2440508,3835001,-1394493
Fiji,2009,1670866,2682507,-1011641
Fiji,2010,1824387,3146053,-1321666
Fiji,2011,2257745,3756078,-1498333
Fiji,2012,2620191,3818977,-1198786
Fiji,2013,2571771,4511169,-1939398
Fiji,2014,3105591,5117336,-2011745
Fiji,2015,2236909,3452313,-1215404
Fiji,2016,2178773,3992664,-1813891
Fiji,2017,1540660,1774467,-233807
Fiji,2018,1450881,1959468,-508587
Fiji,2019,1461519,1850480,-388961
Finland,2000,50610656,43267977,7342679
Finland,2001,47807650,41263488,6544162
Finland,2002,50300572,43891267,6409305
Finland,2003,58980979,54628707,4352272
Finland,2004,68186140,65455862,2730278
Finland,2005,72854906,74241965,-1387059
Finland,2006,85227973,85381469,-153496
Finland,2007,99181149,101644666,-2463517
Finland,2008,107015443,115637030,-8621587
Finland,2009,71138601,82427645,-11289044
Finland,2010,79495472,90960370,-11464898
Finland,2011,91507351,111397748,-19890397
Finland,2012,85010321,103012273,-18001952
Finland,2013,87622297,105927240,-18304943
Finland,2014,86612411,106636540,-20024129
Finland,2015,70103120,84856616,-14753496
Finland,2016,66569829,85223478,-18653649
Finland,2017,9872299,26077233,-16204934
Finland,2018,9168910,27435308,-18266398
Finland,2019,9476703,25993928,-16517225
France,2000,485336336,443322187,42014149
France,2001,472790054,438166338,34623716
France,2002,498493136,449706756,48786380
France,2003,593714493,545123755,48590738
France,2004,675376606,636123875,39252731
France,2005,689539517,673408394,16131123
France,2006,731481009,712641056,18839953
France,2007,836731626,832976184,3755442
France,2008,943962605,970113056,-26150451
France,2009,760792627,790576330,-29783703
France,2010,820194878,844596757,-24401879
France,2011,951924127,986788416,-34864289
France,2012,906122356,930843636,-24721280
France,2013,940148559,955851487,-15702928
France,2014,927460005,955527491,-28067486
France,2015,806196361,812066936,-5870575
France,2016,793026909,816666926,-23640017
France,2017,310253129,269042730,41210399
France,2018,331512581,281522617,49989964
France,2019,323277539,268839713,54437826
French Polynesia,2000,390529,1914051,-1523522
French Polynesia,2001,250829,2082317,-1831488
French Polynesia,2002,256732,2430702,-2173970
French Polynesia,2003,245164,2834005,-2588841
French Polynesia,2004,302034,2892928,-2590894
French Polynesia,2005,344969,3209972,-2865003
French Polynesia,2006,382719,3748162,-3365443
French Polynesia,2007,307732,3657480,-3349748
French Polynesia,2008,308245,4211880,-3903635
French Polynesia,2009,238619,3596919,-3358300
French Polynesia,2010,247976,3627092,-3379116
French Polynesia,2011,273199,3707879,-3434680
French Polynesia,2012,238658,3696173,-3457515
French Polynesia,2013,228298,3865064,-3636766
French Polynesia,2014,271963,3881418,-3609455
French Polynesia,2015,233957,3370329,-3136372
French Polynesia,2016,274570,3181700,-2907130
French Polynesia,2017,105570,1803400,-1697830
French Polynesia,2018,112842,1943359,-1830517
French Polynesia,2019,100169,1870282,-1770113
Gabon,2000,3375265,1644476,1730789
Gabon,2001,2668314,1722035,946279
Gabon,2002,2586536,1693404,893132
Gabon,2003,3212948,1669439,1543509
Gabon,2004,4147163,2319465,1827698
Gabon,2005,5655764,2697693,2958071
Gabon,2006,6951867,2879721,4072146
Gabon,2007,6289310,3865544,2423766
Gabon,2008,9817792,4635046,5182746
Gabon,2009,5488815,4606888,881927
Gabon,2010,8926019,5177512,3748507
Gabon,2011,10183363,6536614,3646749
Gabon,2012,9929460,6498235,3431225
Gabon,2013,9790739,7180298,2610441
Gabon,2014,9336693,7386315,1950378
Gabon,2015,5737620,6114869,-377249
Gabon,2016,4471639,4818398,-346759
Gabon,2017,174484,2655325,-2480841
Gabon,2018,125240,2720971,-2595731
Gabon,2019,98225,2374188,-2275963
Gambia,2000,77549,535250,-457701
Gambia,2001,92344,430711,-338367
Gambia,2002,108250,505099,-396849
Gambia,2003,93540,471689,-378149
Gambia,2004,135943,942177,-806234
Gambia,2005,104035,1017654,-913619
Gambia,2006,105585,1000217,-894632
Gambia,2007,146691,1007144,-860453
Gambia,2008,138642,875106,-736464
Gambia,2009,238717,939482,-700765
Gambia,2010,156799,1140562,-983763
Gambia,2011,210786,996450,-785664
Gambia,2012,231870,1125028,-893158
Gambia,2013,195012,1063890,-868878
Gambia,2014,173359,1189606,-1016247
Gambia,2015,183837,1153103,-969266
Gambia,2016,279645,1128536,-848891
Gambia,2017,54674,832810,-778136
Gambia,2018,8343,790203,-781860
Gambia,2019,22416,816771,-794355
Georgia,2000,886593,1861480,-974887
Georgia,2001,744601,1570034,-825433
Georgia,2002,873519,1806177,-932658
Georgia,2003,1260561,2350071,-1089510
Georgia,2004,1624381,4067090,-2442709
Georgia,2005,2361678,4787919,-2426241
Georgia,2006,2090223,6605961,-4515738
Georgia,2007,2679794,9193432,-6513638
Georgia,2008,2729188,11740537,-9011349
Georgia,2009,2508268,8005071,-5496803
Georgia,2010,3137813,9462636,-6324823
Georgia,2011,4229488,12417399,-8187911
Georgia,2012,4772012,13588773,-8816761
Georgia,2013,6518780,13672907,-7154127
Georgia,2014,6731754,14544679,-7812925
Georgia,2015,5037670,12337796,-7300126
Georgia,2016,5281602,12047247,-6765645
Georgia,2017,3624631,5264769,-1640138
Georgia,2018,4392064,6027675,-1635611
Georgia,2019,4194244,5821676,-1627432
Germany,2000,665789806,664487705,1302101
Germany,2001,684882125,651062458,33819667
Germany,2002,740250858,668910646,71340212
Germany,2003,907406448,825521694,81884754
Germany,2004,1095291808,960742498,134549310
Germany,2005,1172540659,1031188558,141352101
Germany,2006,1327615193,1179089529,148525664
Germany,2007,1596699171,1394850333,201848838
Germany,2008,1784013866,1584729123,199284743
Germany,2009,1422475741,1281203233,141272508
Germany,2010,1576326900,1425384996,150941904
Germany,2011,1854835437,1711476607,143358830
Germany,2012,1779927796,1598709125,181218671
Germany,2013,1851278177,1638249627,213028550
Germany,2014,1900319235,1664776455,235542780
Germany,2015,1673252557,1455501037,217751520
Germany,2016,1688598035,1467904063,220693972
Germany,2017,380648334,445339355,-64691021
Germany,2018,387701676,462323693,-74622017
Germany,2019,375104772,439620025,-64515253
Ghana,2000,4351427,4484210,-132783
Ghana,2001,4154804,5515004,-1360200
Ghana,2002,5402443,4944110,458333
Ghana,2003,7278054,5596403,1681651
Ghana,2004,7998049,8035698,-37649
Ghana,2005,8443432,10550388,-2106956
Ghana,2006,11201143,9877823,1323320
Ghana,2007,11012770,12990743,-1977973
Ghana,2008,12606291,16580252,-3973961
Ghana,2009,12771225,13170705,-399480
Ghana,2010,13940780,16752653,-2811873
Ghana,2011,27448575,24643332,2805243
Ghana,2012,26863693,25396715,1466978
Ghana,2013,24439315,27012464,-2573149
Ghana,2014,29132870,25769003,3363867
Ghana,2015,24119298,24170046,-50748
Ghana,2016,30914613,19801700,11112913
Ghana,2017,16430888,10435151,5995737
Ghana,2018,21407268,10737848,10669420
Ghana,2019,17722518,8334617,9387901
Greece,2000,23862140,48675669,-24813529
Greece,2001,21595881,43314418,-21718537
Greece,2002,22298000,49674183,-27376183
Greece,2003,27281631,67542160,-40260529
Greece,2004,30047921,80145657,-50097736
Greece,2005,34409192,81962939,-47553747
Greece,2006,40693324,94294597,-53601273
Greece,2007,44545545,114013583,-69468038
Greece,2008,50781770,135765212,-84983442
Greece,2009,43624479,107040582,-63416103
Greece,2010,46098109,99522316,-53424207
Greece,2011,59649670,105971687,-46322017
Greece,2012,63551411,97721783,-34170372
Greece,2013,66606213,99068970,-32462757
Greece,2014,65359722,100840540,-35480818
Greece,2015,56313883,78651413,-22337530
Greece,2016,57521974,80334549,-22812575
Greece,2017,29754608,33999629,-4245021
Greece,2018,33242570,35482167,-2239597
Greece,2019,31768967,34485589,-2716622
Grenada,2000,188022,411009,-222987
Grenada,2001,167402,356257,-188855
Grenada,2002,148659,400293,-251634
Grenada,2003,139289,440972,-301683
Grenada,2004,123054,555747,-432693
Grenada,2005,102743,590425,-487682
Grenada,2006,69717,553217,-483500
Grenada,2007,78219,649493,-571274
Grenada,2008,72587,664879,-592292
Grenada,2009,50378,596183,-545805
Grenada,2010,49353,621254,-571901
Grenada,2011,72295,629191,-556896
Grenada,2012,109453,635480,-526027
Grenada,2013,96130,644381,-548251
Grenada,2014,101426,630454,-529028
Grenada,2015,128319,750289,-621970
Grenada,2016,107416,637109,-529693
Grenada,2017,85945,337526,-251581
Grenada,2018,87849,313129,-225280
Grenada,2019,82200,319469,-237269
Guatemala,2000,10255710,7902617,2353093
Guatemala,2001,8790151,9479760,-689609
Guatemala,2002,10427188,11648050,-1220862
Guatemala,2003,11073387,12303650,-1230263
Guatemala,2004,12125945,14261117,-2135172
Guatemala,2005,14567433,16083063,-1515630
Guatemala,2006,15116392,17523643,-2407251
Guatemala,2007,19830695,21147085,-1316390
Guatemala,2008,22509434,23643111,-1133677
Guatemala,2009,22895479,19249616,3645863
Guatemala,2010,26196521,22803044,3393477
Guatemala,2011,31656809,27413690,4243119
Guatemala,2012,32459832,28021945,4437887
Guatemala,2013,31913573,28854754,3058819
Guatemala,2014,33522828,30158607,3364221
Guatemala,2015,33127273,29788617,3338656
Guatemala,2016,33908692,29118099,4790593
Guatemala,2017,25883992,12776124,13107868
Guatemala,2018,25471018,13925378,11545640
Guatemala,2019,26940448,14960396,11980052
Guinea,2000,792360,1638499,-846139
Guinea,2001,821385,1617474,-796089
Guinea,2002,996915,1684651,-687736
Guinea,2003,782541,1961463,-1178922
Guinea,2004,947388,2107209,-1159821
Guinea,2005,1114194,2467478,-1353284
Guinea,2006,1342266,2828530,-1486264
Guinea,2007,1606402,3034704,-1428302
Guinea,2008,1634089,3076007,-1441918
Guinea,2009,1320962,2608835,-1287873
Guinea,2010,1882193,3485981,-1603788
Guinea,2011,2118341,4529839,-2411498
Guinea,2012,1916062,5250595,-3334533
Guinea,2013,1799534,5571793,-3772259
Guinea,2014,2504520,6077516,-3572996
Guinea,2015,2295486,5145204,-2849718
Guinea,2016,3785645,8568561,-4782916
Guinea,2017,1010813,4494322,-3483509
Guinea,2018,742889,5467232,-4724343
Guinea,2019,661758,4689151,-4027393
Guinea-Bissau,2000,318725,276390,42335
Guinea-Bissau,2001,319065,265567,53498
Guinea-Bissau,2002,292460,284501,7959
Guinea-Bissau,2003,303507,327763,-24256
Guinea-Bissau,2004,397836,416600,-18764
Guinea-Bissau,2005,544176,411747,132429
Guinea-Bissau,2006,331059,372987,-41928
Guinea-Bissau,2007,386680,480893,-94213
Guinea-Bissau,2008,605807,507371,98436
Guinea-Bissau,2009,688820,701691,-12871
Guinea-Bissau,2010,410800,646459,-235659
Guinea-Bissau,2011,1250160,789041,461119
Guinea-Bissau,2012,695795,699647,-3852
Guinea-Bissau,2013,1073390,862241,211149
Guinea-Bissau,2014,1017460,918986,98474
Guinea-Bissau,2015,1313422,804434,508988
Guinea-Bissau,2016,1717531,924271,793260
Guinea-Bissau,2017,1425463,829508,595955
Guinea-Bissau,2018,620132,779860,-159728
Guinea-Bissau,2019,581449,757855,-176406
Guyana,2000,1321774,975142,346632
Guyana,2001,1198687,1022149,176538
Guyana,2002,1233003,996753,236250
Guyana,2003,1331713,993647,338066
Guyana,2004,1570326,1082504,487822
Guyana,2005,1368222,1352889,15333
Guyana,2006,1631400,1424779,206621
Guyana,2007,1946020,1729727,216293
Guyana,2008,2289258,2210862,78396
Guyana,2009,2017706,1989131,28575
Guyana,2010,2689153,2417021,272132
Guyana,2011,2984855,2921858,62997
Guyana,2012,3585998,3293274,292724
Guyana,2013,3208293,3139907,68386
Guyana,2014,3343344,3047901,295443
Guyana,2015,3144502,2721512,422990
Guyana,2016,3345012,2719171,625841
Guyana,2017,2209507,1262408,947099
Guyana,2018,1582626,1316864,265762
Guyana,2019,1406892,1356868,50024
Haiti,2000,463997,2701743,-2237746
Haiti,2001,375037,2543397,-2168360
Haiti,2002,373511,2927248,-2553737
Haiti,2003,457036,3133074,-2676038
Haiti,2004,498513,3496901,-2998388
Haiti,2005,566750,3613666,-3046916
Haiti,2006,587644,4682211,-4094567
Haiti,2007,639342,4737391,-4098049
Haiti,2008,622726,6377709,-5754983
Haiti,2009,721967,5685158,-4963191
Haiti,2010,730885,7776710,-7045825
Haiti,2011,921435,7329348,-6407913
Haiti,2012,949471,7818009,-6868538
Haiti,2013,1034911,9766372,-8731461
Haiti,2014,1141060,11602049,-10460989
Haiti,2015,1068080,10093300,-9025220
Haiti,2016,1230054,9914995,-8684941
Haiti,2017,177822,7208945,-7031123
Haiti,2018,174668,6557422,-6382754
Haiti,2019,193249,5054841,-4861592
Honduras,2000,4370591,4860512,-489921
Honduras,2001,4555668,5488045,-932377
Honduras,2002,3809878,5352633,-1542755
Honduras,2003,4014969,5780611,-1765642
Honduras,2004,5040328,6870639,-1830311
Honduras,2005,5745666,7997195,-2251529
Honduras,2006,5952974,9394495,-3441521
Honduras,2007,7722764,10432298,-2709534
Honduras,2008,12725066,16117937,-3392871
Honduras,2009,10679447,12920039,-2240592
Honduras,2010,14024815,14272365,-247550
Honduras,2011,19976250,18034949,1941301
Honduras,2012,19906589,18373420,1533169
Honduras,2013,17251500,18619202,-1367702
Honduras,2014,17660711,17932552,-271841
Honduras,2015,18531179,18403554,127625
Honduras,2016,18096609,17957295,139314
Honduras,2017,13130377,7451360,5679017
Honduras,2018,11567128,8312973,3254155
Honduras,2019,9900819,8109981,1790838
Hungary,2000,38597058,36937326,1659732
Hungary,2001,41717814,38451202,3266612
Hungary,2002,47088873,43799266,3289607
Hungary,2003,58428638,55723524,2705114
Hungary,2004,72460014,71156137,1303877
Hungary,2005,81867510,79133718,2733792
Hungary,2006,94640965,90831849,3809116
Hungary,2007,124121798,113152834,10968964
Hungary,2008,144573925,130973304,13600621
Hungary,2009,112787571,96129018,16658553
Hungary,2010,130065706,108934157,21131549
Hungary,2011,155205088,127792783,27412305
Hungary,2012,148251381,119204558,29046823
Hungary,2013,153120194,124705142,28415052
Hungary,2014,155884439,131270235,24614204
Hungary,2015,137128271,115271505,21856766
Hungary,2016,140446063,118129389,22316674
Hungary,2017,43976132,26908077,17068055
Hungary,2018,44112283,29053600,15058683
Hungary,2019,44491106,29949022,14542084
Iceland,2000,2034031,3491426,-1457395
Iceland,2001,2163117,3175661,-1012544
Iceland,2002,2389031,3261379,-872348
Iceland,2003,2567819,4019746,-1451927
Iceland,2004,3100576,5127229,-2026653
Iceland,2005,3295510,6557028,-3261518
Iceland,2006,3681046,7890494,-4209448
Iceland,2007,5002296,8813331,-3811035
Iceland,2008,5738149,8450633,-2712484
Iceland,2009,4314401,5301367,-986966
Iceland,2010,4975881,5473156,-497275
Iceland,2011,5774255,6840889,-1066634
Iceland,2012,5496269,6738424,-1242155
Iceland,2013,5435479,6941425,-1505946
Iceland,2014,5564327,7654642,-2090315
Iceland,2015,5216681,7579511,-2362830
Iceland,2016,5072133,8117492,-3045359
Iceland,2017,559037,2851554,-2292517
Iceland,2018,628212,3077338,-2449126
Iceland,2019,515500,3078006,-2562506
India,2000,69335098,64102637,5232461
India,2001,69522141,69470745,51396
India,2002,80964999,80187647,777352
India,2003,94552225,98704359,-4152134
India,2004,114776798,128038527,-13261729
India,2005,147399065,173451032,-26051967
India,2006,178819016,213704333,-34885317
India,2007,228011216,253732141,-25720925
India,2008,277620473,361969104,-84348631
India,2009,240932718,313651236,-72718518
India,2010,321946318,397228798,-75282480
India,2011,449037143,540493213,-91456070
India,2012,484199740,577025318,-92825578
India,2013,522240883,550926170,-28685287
India,2014,502347260,567786847,-65439587
India,2015,409481934,503062986,-93581052
India,2016,394681754,479156937,-84475183
India,2017,151752576,134592417,17160159
India,2018,153978423,106479773,47498650
India,2019,146236435,106959428,39277007
Indonesia,2000,84551986,53284604,31267382
Indonesia,2001,76143140,50547882,25595258
Indonesia,2002,84966334,51658628,33307706
Indonesia,2003,93905749,54480470,39425279
Indonesia,2004,111612400,70956818,40655582
Indonesia,2005,134613729,82132112,52481617
Indonesia,2006,164863053,89495339,75367714
Indonesia,2007,194974235,134058128,60916107
Indonesia,2008,261160489,177684026,83476463
Indonesia,2009,212091642,137372574,74719068
Indonesia,2010,293423249,194506665,98916584
Indonesia,2011,385597253,265721305,119875948
Indonesia,2012,355250314,272905706,82344608
Indonesia,2013,335658374,270363529,65294845
Indonesia,2014,353797536,263972001,89825535
Indonesia,2015,310735206,214444577,96290629
Indonesia,2016,300746885,213976819,86770066
Indonesia,2017,193860872,92042917,101817955
Indonesia,2018,175736238,97572919,78163319
Indonesia,2019,159662800,90069950,69592850
Iran (Islamic Republic of),2000,33263597,29274175,3989422
Iran (Islamic Republic of),2001,28965221,32859910,-3894689
Iran (Islamic Republic of),2002,33967558,32024963,1942595
Iran (Islamic Republic of),2003,41718158,42661954,-943796
Iran (Islamic Republic of),2004,50945045,53017199,-2072154
Iran (Islamic Republic of),2005,69937144,56491681,13445463
Iran (Islamic Republic of),2006,90073508,69361480,20712028
Iran (Islamic Republic of),2007,104998359,70311851,34686508
Iran (Islamic Republic of),2008,129329466,96861022,32468444
Iran (Islamic Republic of),2009,86556284,85644800,911484
Iran (Islamic Republic of),2010,127614015,109231936,18382079
Iran (Islamic Republic of),2011,155674981,110244742,45430239
Iran (Islamic Republic of),2012,124635080,114138872,10496208
Iran (Islamic Republic of),2013,104630167,113382658,-8752491
Iran (Islamic Republic of),2014,127007538,117417535,9590003
Iran (Islamic Republic of),2015,88288729,95285863,-6997134
Iran (Islamic Republic of),2016,101300400,86979568,14320832
Iran (Islamic Republic of),2017,28839521,51574943,-22735422
Iran (Islamic Republic of),2018,16579691,60097001,-43517310
Iran (Islamic Republic of),2019,19270129,57759741,-38489612
Iraq,2000,14319935,12769197,1550738
Iraq,2001,11131213,14217756,-3086543
Iraq,2002,12381821,17682572,-5300751
Iraq,2003,9910102,17303601,-7393499
Iraq,2004,18300989,31816745,-13515756
Iraq,2005,24245739,37853854,-13608115
Iraq,2006,29682117,39049948,-9367831
Iraq,2007,39837208,37030809,2806399
Iraq,2008,61636443,60606753,1029690
Iraq,2009,42201552,63204795,-21003243
Iraq,2010,52682696,75053619,-22370923
Iraq,2011,83582379,82486548,1095831
Iraq,2012,94747737,92420434,2327303
Iraq,2013,89940852,98691555,-8750703
Iraq,2014,89033634,94449618,-5415984
Iraq,2015,58292529,98626065,-40333536
Iraq,2016,48372814,86265554,-37892740
Iraq,2017,784722,49094462,-48309740
Iraq,2018,613184,57407672,-56794488
Iraq,2019,2124357,52074205,-49949848
Ireland,2000,110474348,66112956,44361392
Ireland,2001,110588331,67009861,43578470
Ireland,2002,117870868,70248393,47622475
Ireland,2003,128979204,74766313,54212891
Ireland,2004,149365360,85140745,64224615
Ireland,2005,158007707,94831589,63176118
Ireland,2006,166190668,102433212,63757456
Ireland,2007,177069629,120043420,57026209
Ireland,2008,181695465,123252776,58442689
Ireland,2009,162484623,98085658,64398965
Ireland,2010,165246693,95248172,69998521
Ireland,2011,182623616,106339961,76283655
Ireland,2012,172146317,103164988,68981329
Ireland,2013,175495644,109594443,65901201
Ireland,2014,186651820,127217442,59434378
Ireland,2015,181661043,117812818,63848225
Ireland,2016,190982320,122139684,68842636
Ireland,2017,68382303,44589115,23793188
Ireland,2018,70602124,50212218,20389906
Ireland,2019,70257770,47615400,22642370
Israel,2000,35913213,44498473,-8585260
Israel,2001,34207212,42300240,-8093028
Israel,2002,34398391,42333726,-7935335
Israel,2003,37622184,43954924,-6332740
Israel,2004,45611603,52849760,-7238157
Israel,2005,48975038,58402566,-9427528
Israel,2006,55056070,63092779,-8036709
Israel,2007,64497639,74720352,-10222713
Israel,2008,71527405,88012039,-16484634
Israel,2009,57828579,65921988,-8093409
Israel,2010,69334535,81060070,-11725535
Israel,2011,79522427,99906455,-20384028
Israel,2012,74841083,98936152,-24095069
Israel,2013,79200604,98954360,-19753756
Israel,2014,79790303,100211560,-20421257
Israel,2015,73431186,88051428,-14620242
Israel,2016,69883342,92961433,-23078091
Israel,2017,10333513,25913343,-15579830
Israel,2018,9947737,27720355,-17772618
Israel,2019,9927419,28881141,-18953722
Italy,2000,316764361,338369562,-21605201
Italy,2001,320530222,332024033,-11493811
Italy,2002,339904475,349394417,-9489942
Italy,2003,400402065,421808764,-21406699
Italy,2004,472741548,501649686,-28908138
Italy,2005,496933555,533675098,-36741543
Italy,2006,545852838,599513247,-53660409
Italy,2007,646835658,689046951,-42211293
Italy,2008,724791333,771054796,-46263463
Italy,2009,570826041,598275264,-27449223
Italy,2010,623995628,684843244,-60847616
Italy,2011,724170531,791110202,-66939671
Italy,2012,697664492,697859018,-194526
Italy,2013,729505171,699896770,29608401
Italy,2014,749286324,707035352,42250972
Italy,2015,653794631,608187037,45607594
Italy,2016,666058781,600890252,65168529
Italy,2017,224144899,208522515,15622384
Italy,2018,240375645,214787816,25587829
Italy,2019,237290200,206327215,30962985
Jamaica,2000,2868734,5352572,-2483838
Jamaica,2001,2691155,5835291,-3144136
Jamaica,2002,2668290,5724058,-3055768
Jamaica,2003,2749941,5752705,-3002764
Jamaica,2004,3018356,6720257,-3701901
Jamaica,2005,2835250,7930845,-5095595
Jamaica,2006,3579311,8724366,-5145055
Jamaica,2007,3720735,10115158,-6394423
Jamaica,2008,4035666,12844498,-8808832
Jamaica,2009,2898029,9021255,-6123226
Jamaica,2010,2817744,9192695,-6374951
Jamaica,2011,2944887,10439833,-7494946
Jamaica,2012,3444167,11306990,-7862823
Jamaica,2013,3103903,10966740,-7862837
Jamaica,2014,2898054,10405984,-7507930
Jamaica,2015,2533972,9210186,-6676214
Jamaica,2016,2654187,8869358,-6215171
Jamaica,2017,1565776,4394153,-2828377
Jamaica,2018,1596599,4672922,-3076323
Jamaica,2019,1644333,5081354,-3437021
Japan,2000,486717760,554663637,-67945877
Japan,2001,415767981,516298101,-100530120
Japan,2002,423899053,500434068,-76535015
Japan,2003,479199238,562886953,-83687715
Japan,2004,574511362,657233184,-82721822
Japan,2005,606481908,724408384,-117926476
Japan,2006,656690082,783783508,-127093426
Japan,2007,725055298,845739820,-120684522
Japan,2008,794315069,1038376370,-244061301
Japan,2009,593890342,782424833,-188534491
Japan,2010,785166477,954673425,-169506948
Japan,2011,838662731,1185804774,-347142043
Japan,2012,814105425,1206640144,-392534719
Japan,2013,729961650,1129997721,-400036071
Japan,2014,705508408,1093732928,-388224520
Japan,2015,641569006,903426186,-261857180
Japan,2016,664415769,858790085,-194374316
Japan,2017,20649129,270324728,-249675599
Japan,2018,24030297,282319361,-258289064
Japan,2019,25387484,284961095,-259573611
Jordan,2000,3137602,8481548,-5343946
Jordan,2001,3680779,8733941,-5053162
Jordan,2002,4552017,9093107,-4541090
Jordan,2003,5100488,10486259,-5385771
Jordan,2004,6291449,14552531,-8261082
Jordan,2005,7279962,17039168,-9759206
Jordan,2006,8327275,18619152,-10291877
Jordan,2007,9369768,23288236,-13918468
Jordan,2008,12904882,30189373,-17284491
Jordan,2009,11333518,25451233,-14117715
Jordan,2010,12158159,27351390,-15193231
Jordan,2011,13595007,33995195,-20400188
Jordan,2012,14310160,37353661,-23043501
Jordan,2013,15001726,38914572,-23912846
Jordan,2014,16036924,41869267,-25832343
Jordan,2015,15048871,38627733,-23578862
Jordan,2016,13354610,38236716,-24882106
Jordan,2017,5601716,17765595,-12163879
Jordan,2018,5673060,18057377,-12384317
Jordan,2019,5086392,17804600,-12718208
Kazakhstan,2000,12597259,7059891,5537368
Kazakhstan,2001,11242479,8693766,2548713
Kazakhstan,2002,12417340,8887192,3530148
Kazakhstan,2003,17119182,11272378,5846804
Kazakhstan,2004,24862433,17005903,7856530
Kazakhstan,2005,31733358,23291652,8441706
Kazakhstan,2006,44139457,31521560,12617897
Kazakhstan,2007,58374286,43553287,14820999
Kazakhstan,2008,86183519,51587050,34596469
Kazakhstan,2009,51271687,39709381,11562306
Kazakhstan,2010,69122634,44167115,24955519
Kazakhstan,2011,96703427,55612126,41091301
Kazakhstan,2012,102066327,66187644,35878683
Kazakhstan,2013,96188626,70314906,25873720
Kazakhstan,2014,92475755,61689204,30786551
Kazakhstan,2015,56480397,46549630,9930767
Kazakhstan,2016,47281220,39567978,7713242
Kazakhstan,2017,11883640,16020758,-4137118
Kazakhstan,2018,15280447,16980053,-1699606
Kazakhstan,2019,16155417,18071604,-1916187
Kenya,2000,6782079,5671432,1110647
Kenya,2001,7015799,6215116,800683
Kenya,2002,6676115,5034143,1641972
Kenya,2003,8687046,5725658,2961388
Kenya,2004,9016461,6867038,2149423
Kenya,2005,10925685,9206839,1718846
Kenya,2006,12462147,10889482,1572665
Kenya,2007,14687374,13786743,900631
Kenya,2008,18019066,17231331,787735
Kenya,2009,16629319,17839945,-1210626
Kenya,2010,19368897,18926872,442025
Kenya,2011,18190978,24710190,-6519212
Kenya,2012,16284940,24360431,-8075491
Kenya,2013,20837816,25225960,-4388144
Kenya,2014,18543662,29967082,-11423420
Kenya,2015,18160491,26833466,-8672975
Kenya,2016,18012568,24324369,-6311801
Kenya,2017,16834825,15258079,1576746
Kenya,2018,17208494,12036941,5171553
Kenya,2019,15751048,12260335,3490713
Kiribati,2000,13517,104210,-90693
Kiribati,2001,9661,96019,-86358
Kiribati,2002,13519,104549,-91030
Kiribati,2003,25106,127490,-102384
Kiribati,2004,37528,155281,-117753
Kiribati,2005,50330,279822,-229492
Kiribati,2006,60487,249359,-188872
Kiribati,2007,55036,323507,-268471
Kiribati,2008,25940,221030,-195090
Kiribati,2009,35610,211365,-175755
Kiribati,2010,29010,219234,-190224
Kiribati,2011,45168,273407,-228239
Kiribati,2012,38987,286394,-247407
Kiribati,2013,40817,554869,-514052
Kiribati,2014,34395,316480,-282085
Kiribati,2015,27310,289692,-262382
Kiribati,2016,34271,359544,-325273
Kiribati,2017,51392,197864,-146472
Kiribati,2018,20460,163296,-142836
Kiribati,2019,15343,168459,-153116
Kuwait,2000,20135725,13182845,6952880
Kuwait,2001,16843051,13746252,3096799
Kuwait,2002,15547127,13192418,2354709
Kuwait,2003,21937510,15946797,5990713
Kuwait,2004,30223271,18322479,11900792
Kuwait,2005,47235401,24687139,22548262
Kuwait,2006,58867616,24574338,34293278
Kuwait,2007,62670327,31052265,31618062
Kuwait,2008,87647812,36930600,50717212
Kuwait,2009,54915371,30764419,24150952
Kuwait,2010,70575634,33950447,36625187
Kuwait,2011,102866858,39799976,63066882
Kuwait,2012,119582129,39704147,79877982
Kuwait,2013,117390177,50286566,67103611
Kuwait,2014,104316489,54368449,49948040
Kuwait,2015,56626215,54991509,1634706
Kuwait,2016,48689961,52665996,-3976035
Kuwait,2017,2779547,23748847,-20969300
Kuwait,2018,2982918,25574778,-22591860
Kuwait,2019,1964714,22255244,-20290530
Kyrgyzstan,2000,929757,937657,-7900
Kyrgyzstan,2001,862369,753332,109037
Kyrgyzstan,2002,1053354,948041,105313
Kyrgyzstan,2003,1061605,1150278,-88673
Kyrgyzstan,2004,1344093,1533113,-189020
Kyrgyzstan,2005,1282513,1991549,-709036
Kyrgyzstan,2006,1492050,2881542,-1389492
Kyrgyzstan,2007,2245885,4607025,-2361140
Kyrgyzstan,2008,2845890,6677384,-3831494
Kyrgyzstan,2009,2970477,5673432,-2702955
Kyrgyzstan,2010,2821937,5819095,-2997158
Kyrgyzstan,2011,3236650,7556504,-4319854
Kyrgyzstan,2012,3173272,9008982,-5835710
Kyrgyzstan,2013,2888964,10197442,-7308478
Kyrgyzstan,2014,2829604,10653967,-7824363
Kyrgyzstan,2015,2230806,6780149,-4549343
Kyrgyzstan,2016,2393314,6171209,-3777895
Kyrgyzstan,2017,1181021,3062479,-1881458
Kyrgyzstan,2018,1143136,2805662,-1662526
Kyrgyzstan,2019,1423010,3188350,-1765340
Lao People's Democratic Republic,2000,471234,893341,-422107
Lao People's Democratic Republic,2001,449525,858179,-408654
Lao People's Democratic Republic,2002,371542,854836,-483294
Lao People's Democratic Republic,2003,404236,910181,-505945
Lao People's Democratic Republic,2004,457690,1290888,-833198
Lao People's Democratic Republic,2005,658353,1704332,-1045979
Lao People's Democratic Republic,2006,1005705,1952902,-947197
Lao People's Democratic Republic,2007,1124338,2036448,-912110
Lao People's Democratic Republic,2008,1379235,2508430,-1129195
Lao People's Democratic Republic,2009,1392109,2763373,-1371264
Lao People's Democratic Republic,2010,2141663,3429594,-1287931
Lao People's Democratic Republic,2011,2805232,4115431,-1310199
Lao People's Democratic Republic,2012,2871810,4982490,-2110680
Lao People's Democratic Republic,2013,2969969,5101166,-2131197
Lao People's Democratic Republic,2014,4606957,7874675,-3267718
Lao People's Democratic Republic,2015,7269161,8848857,-1579696
Lao People's Democratic Republic,2016,9228551,9647726,-419175
Lao People's Democratic Republic,2017,6017770,5348713,669057
Lao People's Democratic Republic,2018,6054775,5565346,489429
Lao People's Democratic Republic,2019,6175678,4078376,2097302
Latvia,2000,2531094,6352717,-3821623
Latvia,2001,2872207,6790027,-3917820
Latvia,2002,3522605,8080925,-4558320
Latvia,2003,4545637,10434008,-5888371
Latvia,2004,5485198,10843261,-5358063
Latvia,2005,7493575,13140612,-5647037
Latvia,2006,9105712,17022802,-7917090
Latvia,2007,13046457,22728477,-9682020
Latvia,2008,17079584,25730012,-8650428
Latvia,2009,13494032,17412797,-3918765
Latvia,2010,16715391,19785903,-3070512
Latvia,2011,21728878,25945005,-4216127
Latvia,2012,26573912,27921307,-1347395
Latvia,2013,26966917,29599515,-2632598
Latvia,2014,26842730,29632210,-2789480
Latvia,2015,22060824,23995886,-1935062
Latvia,2016,22482948,24733327,-2250379
Latvia,2017,13115035,13055457,59578
Latvia,2018,13806460,14448307,-641847
Latvia,2019,15381645,14754427,627218
Lebanon,2000,1361302,11209250,-9847948
Lebanon,2001,1670336,12784552,-11114216
Lebanon,2002,1894391,11831400,-9937009
Lebanon,2003,2648966,13004944,-10355978
Lebanon,2004,2978401,15977307,-12998906
Lebanon,2005,3269424,15626897,-12357473
Lebanon,2006,3683014,15653935,-11970921
Lebanon,2007,5359221,20827711,-15468490
Lebanon,2008,6594256,26971565,-20377309
Lebanon,2009,6279051,27436541,-21157490
Lebanon,2010,7528687,30920357,-23391670
Lebanon,2011,8488079,34696004,-26207925
Lebanon,2012,8599188,36298885,-27699697
Lebanon,2013,8704092,37062834,-28358742
Lebanon,2014,8365149,38142337,-29777188
Lebanon,2015,7534936,34173322,-26638386
Lebanon,2016,7271022,34379740,-27108718
Lebanon,2017,3506929,14956322,-11449393
Lebanon,2018,3128862,15267290,-12138428
Lebanon,2019,2491408,13921113,-11429705
Lesotho,2000,230288,1365672,-1135384
Lesotho,2001,296398,1307033,-1010635
Lesotho,2002,364736,1461103,-1096367
Lesotho,2003,479954,1641589,-1161635
Lesotho,2004,713240,1905283,-1192043
Lesotho,2005,658866,1866150,-1207284
Lesotho,2006,719440,2042156,-1322716
Lesotho,2007,813508,2411053,-1597545
Lesotho,2008,890956,2751892,-1860936
Lesotho,2009,740881,2826637,-2085756
Lesotho,2010,885487,3210722,-2325235
Lesotho,2011,1183926,3490807,-2306881
Lesotho,2012,991445,3630807,-2639362
Lesotho,2013,966807,3605966,-2639159
Lesotho,2014,1038238,4245396,-3207158
Lesotho,2015,1072367,3730667,-2658300
Lesotho,2016,1171064,3737326,-2566262
Lesotho,2017,274739,3347029,-3072290
Lesotho,2018,268079,1929787,-1661708
Lesotho,2019,296550,2042177,-1745627
Liberia,2000,445740,603991,-158251
Liberia,2001,473140,489017,-15877
Liberia,2002,554727,510951,43776
Liberia,2003,546479,587946,-41467
Liberia,2004,583901,869722,-285821
Liberia,2005,632823,1161867,-529044
Liberia,2006,640174,1232305,-592131
Liberia,2007,829122,1329144,-500022
Liberia,2008,742669,1920481,-1177812
Liberia,2009,557537,1800417,-1242880
Liberia,2010,1210268,2141245,-930977
Liberia,2011,1882748,2331095,-448347
Liberia,2012,1666221,2720658,-1054437
Liberia,2013,1433935,2882091,-1448156
Liberia,2014,1261737,5352293,-4090556
Liberia,2015,874692,4233294,-3358602
Liberia,2016,1325695,3717674,-2391979
Liberia,2017,785656,3086053,-2300397
Liberia,2018,726069,3008813,-2282744
Liberia,2019,812874,2734538,-1921664
Libya,2000,12869432,9259396,3610036
Libya,2001,10990174,11834758,-844584
Libya,2002,9928060,8873122,1054938
Libya,2003,14601196,7964248,6636948
Libya,2004,20886908,11883612,9003296
Libya,2005,30353317,13280406,17072911
Libya,2006,44145493,13414541,30730952
Libya,2007,47017568,16008000,31009568
Libya,2008,62126716,20240255,41886461
Libya,2009,36985861,22353551,14632310
Libya,2010,48706275,28346953,20359322
Libya,2011,19031502,20441553,-1410051
Libya,2012,60977225,39646118,21331107
Libya,2013,43572540,48009162,-4436622
Libya,2014,20896298,37014427,-16118129
Libya,2015,11470710,32847136,-21376426
Libya,2016,9515263,23318540,-13803277
Libya,2017,88054,13685713,-13597659
Libya,2018,74937,17180270,-17105333
Libya,2019,63379,15039335,-14975956
Lithuania,2000,5898531,7937767,-2039236
Lithuania,2001,7064419,9114944,-2050525
Lithuania,2002,7999112,10672258,-2673146
Lithuania,2003,10514091,13342066,-2827975
Lithuania,2004,13969937,17162264,-3192327
Lithuania,2005,18160581,21243517,-3082936
Lithuania,2006,22103715,27190557,-5086842
Lithuania,2007,29006180,34911784,-5905604
Lithuania,2008,40005757,46225760,-6220003
Lithuania,2009,29725412,29655957,69455
Lithuania,2010,36270401,36410651,-140250
Lithuania,2011,47624758,48481958,-857200
Lithuania,2012,53338806,50149355,3189451
Lithuania,2013,59072659,55722917,3349742
Lithuania,2014,58581539,55363692,3217847
Lithuania,2015,45990651,44776275,1214376
Lithuania,2016,44642409,42653037,1989372
Lithuania,2017,21932777,17406861,4525916
Lithuania,2018,23016137,18566941,4449196
Lithuania,2019,24349124,19069633,5279491
Luxembourg,2000,10501760,15867282,-5365522
Luxembourg,2001,12135191,17169333,-5034142
Luxembourg,2002,12867332,18017316,-5149984
Luxembourg,2003,16597073,23187204,-6590131
Luxembourg,2004,19679530,28221656,-8542126
Luxembourg,2005,22654245,30161460,-7507215
Luxembourg,2006,26905401,35389905,-8484504
Luxembourg,2007,26930893,37355198,-10424305
Luxembourg,2008,31125539,43601421,-12475882
Luxembourg,2009,26608464,36318740,-9710276
Luxembourg,2010,26364426,35903323,-9538897
Luxembourg,2011,30018029,43443467,-13425438
Luxembourg,2012,26700364,40416465,-13716101
Luxembourg,2013,25473626,40006352,-14532726
Luxembourg,2014,27133334,40797019,-13663685
Luxembourg,2015,24053151,35223747,-11170596
Luxembourg,2016,21928307,33649824,-11721517
Luxembourg,2017,6757938,12697477,-5939539
Luxembourg,2018,7385236,14127305,-6742069
Luxembourg,2019,6726417,13246355,-6519938
Madagascar,2000,1214475,1302168,-87693
Madagascar,2001,1490991,1329756,161235
Madagascar,2002,1425701,950865,474836
Madagascar,2003,1356131,1672633,-316502
Madagascar,2004,806475,1569832,-763357
Madagascar,2005,1017290,2552482,-1535192
Madagascar,2006,1172611,2308164,-1135553
Madagascar,2007,2259164,3785578,-1526414
Madagascar,2008,2271275,5678872,-3407597
Madagascar,2009,1982704,4728998,-2746294
Madagascar,2010,1878989,4122841,-2243852
Madagascar,2011,3331872,5269678,-1937806
Madagascar,2012,3069814,5126168,-2056354
Madagascar,2013,3709437,6040253,-2330816
Madagascar,2014,4425332,6006816,-1581484
Madagascar,2015,4914428,5068071,-153643
Madagascar,2016,6066516,5383400,683116
Madagascar,2017,5753529,3899681,1853848
Madagascar,2018,6196861,3822689,2374172
Madagascar,2019,4399389,3039906,1359483
Malawi,2000,2179910,720790,1459120
Malawi,2001,2034009,838428,1195581
Malawi,2002,1805597,1531816,273781
Malawi,2003,2428368,1382818,1045550
Malawi,2004,2190437,1394753,795684
Malawi,2005,2401032,1543422,857610
Malawi,2006,2961574,1566956,1394618
Malawi,2007,4034928,2064290,1970638
Malawi,2008,4072157,3404367,667790
Malawi,2009,5551863,3312083,2239780
Malawi,2010,6756308,4157074,2599234
Malawi,2011,6350587,3932194,2418393
Malawi,2012,4712907,3550904,1162003
Malawi,2013,5244551,4371989,872562
Malawi,2014,5563350,4109207,1454143
Malawi,2015,4641882,3776707,865175
Malawi,2016,4453205,4096929,356276
Malawi,2017,3205195,1471637,1733558
Malawi,2018,3307740,1310502,1997238
Malawi,2019,3602531,1418588,2183943
Malaysia,2000,123126560,100278488,22848072
Malaysia,2001,111498401,93035320,18463081
Malaysia,2002,125328866,100237715,25091151
Malaysia,2003,145553479,104332458,41221021
Malaysia,2004,173150247,132992444,40157803
Malaysia,2005,187191375,143238132,43953243
Malaysia,2006,216117109,164608263,51508846
Malaysia,2007,251393812,189804065,61589747
Malaysia,2008,304349618,213188007,91161611
Malaysia,2009,234637674,175267498,59370176
Malaysia,2010,307531625,231347125,76184500
Malaysia,2011,378089855,274937312,103152543
Malaysia,2012,357199369,285296637,71902732
Malaysia,2013,342588762,289955919,52632843
Malaysia,2014,363004407,293896210,69108197
Malaysia,2015,306558000,254615606,51942394
Malaysia,2016,297023615,242358759,54664856
Malaysia,2017,113961570,80250431,33711139
Malaysia,2018,107645631,81829490,25816141
Malaysia,2019,104569186,79744201,24824985
Maldives,2000,76601,769550,-692949
Maldives,2001,76878,818074,-741196
Maldives,2002,91055,811787,-720732
Maldives,2003,113166,937244,-824078
Maldives,2004,127403,1197139,-1069736
Maldives,2005,103545,1298547,-1195002
Maldives,2006,135613,1626781,-1491168
Maldives,2007,228027,1952948,-1724921
Maldives,2008,330614,2431506,-2100892
Maldives,2009,169004,1919389,-1750385
Maldives,2010,199915,2246632,-2046717
Maldives,2011,346400,2847561,-2501161
Maldives,2012,314418,3078028,-2763610
Maldives,2013,331000,3540693,-3209693
Maldives,2014,301015,3952656,-3651641
Maldives,2015,240085,3863286,-3623201
Maldives,2016,256062,4221142,-3965080
Maldives,2017,130,2216836,-2216706
Maldives,2018,120,2426263,-2426143
Maldives,2019,1324,2115696,-2114372
Mali,2000,1588075,1336237,251838
Mali,2001,1932309,1826282,106027
Mali,2002,1810487,1766955,43532
Mali,2003,2977569,2400603,576966
Mali,2004,3170565,2267488,903077
Mali,2005,2662145,2527980,134165
Mali,2006,2867677,2747988,119689
Mali,2007,2912255,3749032,-836777
Mali,2008,3596971,5338404,-1741433
Mali,2009,2522127,4390701,-1868574
Mali,2010,2887648,5301467,-2413819
Mali,2011,3866108,5715680,-1849572
Mali,2012,5102184,5738446,-636262
Mali,2013,6277461,6734355,-456894
Mali,2014,5195618,6961711,-1766093
Mali,2015,4782362,6876364,-2094002
Mali,2016,5763565,6969252,-1205687
Mali,2017,2279316,3436196,-1156880
Mali,2018,1179002,3718613,-2539611
Mali,2019,1376189,3664625,-2288436
Malta,2000,2725074,4724186,-1999112
Malta,2001,2116221,3846809,-1730588
Malta,2002,2441938,4070744,-1628806
Malta,2003,2710791,4946743,-2235952
Malta,2004,2851083,5591682,-2740599
Malta,2005,2623165,5613318,-2990153
Malta,2006,3042502,6091944,-3049442
Malta,2007,3409079,7257350,-3848271
Malta,2008,3456240,8099464,-4643224
Malta,2009,3259938,7282254,-4022316
Malta,2010,4019602,7538707,-3519105
Malta,2011,4929631,9359766,-4430135
Malta,2012,4918870,9719513,-4800643
Malta,2013,4174191,8899546,-4725355
Malta,2014,3644409,9811719,-6167310
Malta,2015,3272298,8769533,-5497235
Malta,2016,3709995,9091574,-5381579
Malta,2017,573943,2942383,-2368440
Malta,2018,584781,3105671,-2520890
Malta,2019,566477,3041986,-2475509
Mauritania,2000,394531,1227280,-832749
Mauritania,2001,411100,1487977,-1076877
Mauritania,2002,374908,1501298,-1126390
Mauritania,2003,365956,1812022,-1446066
Mauritania,2004,487358,2448152,-1960794
Mauritania,2005,652623,2212654,-1560031
Mauritania,2006,1520927,2907055,-1386128
Mauritania,2007,1517715,3346278,-1828563
Mauritania,2008,1860273,4224345,-2364072
Mauritania,2009,1451424,4029498,-2578074
Mauritania,2010,2226567,3587766,-1361199
Mauritania,2011,2864534,4185500,-1320966
Mauritania,2012,2718176,5494758,-2776582
Mauritania,2013,2748040,5709232,-2961192
Mauritania,2014,2010076,5284548,-3274472
Mauritania,2015,1501872,5931074,-4429202
Mauritania,2016,1474735,3842495,-2367760
Mauritania,2017,77544,2365933,-2288389
Mauritania,2018,64265,2847307,-2783042
Mauritania,2019,65378,3106427,-3041049
Mauritius,2000,2472405,3464833,-992428
Mauritius,2001,2867441,3122795,-255354
Mauritius,2002,2921104,3411961,-490857
Mauritius,2003,3486658,4180915,-694257
Mauritius,2004,3775412,4609696,-834284
Mauritius,2005,3762308,4939555,-1177247
Mauritius,2006,3979970,5520948,-1540978
Mauritius,2007,3698179,6556655,-2858476
Mauritius,2008,3904847,8237662,-4332815
Mauritius,2009,3200418,6938238,-3737820
Mauritius,2010,3565705,7615945,-4050240
Mauritius,2011,4245376,9010050,-4764674
Mauritius,2012,4211359,9696674,-5485315
Mauritius,2013,4630490,9571415,-4940925
Mauritius,2014,4662427,10102327,-5439900
Mauritius,2015,4104862,8626749,-4521887
Mauritius,2016,4002201,8890111,-4887910
Mauritius,2017,1670821,4755166,-3084345
Mauritius,2018,1137144,4649197,-3512053
Mauritius,2019,1201397,4657388,-3455991
Mexico,2000,122669658,158367566,-35697908
Mexico,2001,117802291,163651639,-45849348
Mexico,2002,120343875,166215248,-45871373
Mexico,2003,128844657,171584089,-42739432
Mexico,2004,148645965,195347579,-46701614
Mexico,2005,168010547,214782823,-46772276
Mexico,2006,202466853,246609192,-44142339
Mexico,2007,341398861,388782499,-47383638
Mexico,2008,366581450,430899007,-64317557
Mexico,2009,303595420,330335953,-26740533
Mexico,2010,380530669,409496056,-28965387
Mexico,2011,450219017,488315492,-38096475
Mexico,2012,474986573,510777896,-35791323
Mexico,2013,492873040,518292396,-25419356
Mexico,2014,515597508,540010692,-24413184
Mexico,2015,505090940,522864154,-17773214
Mexico,2016,510087201,515019552,-4932351
Mexico,2017,152393203,123833975,28559228
Mexico,2018,161358736,129239220,32119516
Mexico,2019,167678197,126586441,41091756
Mongolia,2000,1189839,1108586,81253
Mongolia,2001,1004891,1179842,-174951
Mongolia,2002,907939,1288791,-380852
Mongolia,2003,953962,1367746,-413784
Mongolia,2004,1284563,1786050,-501487
Mongolia,2005,1561725,1910317,-348592
Mongolia,2006,2413062,2308892,104170
Mongolia,2007,2980465,3246749,-266284
Mongolia,2008,2905543,5639490,-2733947
Mongolia,2009,2377302,3645820,-1268518
Mongolia,2010,3438112,4903662,-1465550
Mongolia,2011,5431209,8788052,-3356843
Mongolia,2012,5089380,9285433,-4196053
Mongolia,2013,5058750,9054315,-3995565
Mongolia,2014,6612396,8056753,-1444357
Mongolia,2015,6362137,6061773,300364
Mongolia,2016,6700944,5778581,922363
Mongolia,2017,2190218,2588192,-397974
Mongolia,2018,2750169,3247064,-496895
Mongolia,2019,2634288,3072814,-438526
Montenegro,2000,0,0,0
Montenegro,2001,0,0,0
Montenegro,2002,0,0,0
Montenegro,2003,0,0,0
Montenegro,2004,0,0,0
Montenegro,2005,0,0,0
Montenegro,2006,1056901,3232447,-2175546
Montenegro,2007,1171393,4734589,-3563196
Montenegro,2008,926235,6646343,-5720108
Montenegro,2009,672547,4887449,-4214902
Montenegro,2010,760444,4667873,-3907429
Montenegro,2011,1016321,5359366,-4343045
Montenegro,2012,862554,4979298,-4116744
Montenegro,2013,884421,5138074,-4253653
Montenegro,2014,1077235,5361028,-4283793
Montenegro,2015,663458,4460318,-3796860
Montenegro,2016,654865,4791013,-4136148
Montenegro,2017,289327,2784659,-2495332
Montenegro,2018,287743,2971162,-2683419
Montenegro,2019,215450,3511973,-3296523
Morocco,2000,10880141,19425952,-8545811
Morocco,2001,10640467,18946314,-8305847
Morocco,2002,11897733,20097456,-8199723
Morocco,2003,13642549,22164718,-8522169
Morocco,2004,14382115,27341784,-12959669
Morocco,2005,17809438,31817022,-14007584
Morocco,2006,19209547,34555267,-15345720
Morocco,2007,22775385,50936258,-28160873
Morocco,2008,29841888,66798020,-36956132
Morocco,2009,23022533,50524027,-27501494
Morocco,2010,27432442,54813630,-27381188
Morocco,2011,32849007,68764054,-35915047
Morocco,2012,31796493,71511623,-39715130
Morocco,2013,33980414,68255831,-34275417
Morocco,2014,36986210,73156200,-36169990
Morocco,2015,34988931,58007220,-23018289
Morocco,2016,36548005,65938204,-29390199
Morocco,2017,16268675,24001235,-7732560
Morocco,2018,18586530,26247544,-7661014
Morocco,2019,19949315,26250935,-6301620
Mozambique,2000,640508,2234910,-1594402
Mozambique,2001,954844,2574782,-1619938
Mozambique,2002,1156348,3015889,-1859541
Mozambique,2003,1509054,3109415,-1600361
Mozambique,2004,2064674,4090318,-2025644
Mozambique,2005,2407050,4638705,-2231655
Mozambique,2006,3800525,5257076,-1456551
Mozambique,2007,4140860,5820022,-1679162
Mozambique,2008,4084808,7314264,-3229456
Mozambique,2009,3626795,7512467,-3885672
Mozambique,2010,4922864,8482496,-3559632
Mozambique,2011,6079837,10852851,-4773014
Mozambique,2012,6682153,10356215,-3674062
Mozambique,2013,7442725,16042462,-8599737
Mozambique,2014,8022398,14078843,-6056445
Mozambique,2015,6522219,12639712,-6117493
Mozambique,2016,6164389,9616791,-3452402
Mozambique,2017,3311681,8081258,-4769577
Mozambique,2018,3372831,8052694,-4679863
Mozambique,2019,3625104,6118278,-2493174
Myanmar,2000,3842215,3309193,533022
Myanmar,2001,5249388,3622465,1626923
Myanmar,2002,5750640,3640536,2110104
Myanmar,2003,5078177,3521821,1556356
Myanmar,2004,4386018,3888051,497967
Myanmar,2005,5039445,3961430,1078015
Myanmar,2006,8892520,5046271,3846249
Myanmar,2007,11544410,5920204,5624206
Myanmar,2008,14919299,7498050,7421249
Myanmar,2009,15265286,7693106,7572180
Myanmar,2010,15706008,9796647,5909361
Myanmar,2011,19736499,15432295,4304204
Myanmar,2012,17361104,16571296,789808
Myanmar,2013,18293218,20341347,-2048129
Myanmar,2014,25085086,24967285,117801
Myanmar,2015,29999974,27429002,2570972
Myanmar,2016,30025832,29055776,970056
Myanmar,2017,19591859,13153644,6438215
Myanmar,2018,19892121,11519917,8372204
Myanmar,2019,18708691,7606125,11102566
Namibia,2000,1680576,2361850,-681274
Namibia,2001,1703753,2095020,-391267
Namibia,2002,1791386,2058397,-267011
Namibia,2003,2489382,2677833,-188451
Namibia,2004,2727824,3109529,-381705
Namibia,2005,2669128,3396473,-727345
Namibia,2006,2950915,3907050,-956135
Namibia,2007,4084976,5450529,-1365553
Namibia,2008,4173242,6147500,-1974258
Namibia,2009,3999302,6429864,-2430562
Namibia,2010,5017064,7021851,-2004787
Namibia,2011,5389625,8114415,-2724790
Namibia,2012,7249631,11491323,-4241692
Namibia,2013,7292962,12116039,-4823077
Namibia,2014,6706614,12970748,-6264134
Namibia,2015,6072239,12034952,-5962713
Namibia,2016,5470083,10402920,-4932837
Namibia,2017,1895060,4180422,-2285362
Namibia,2018,2138935,4199358,-2060423
Namibia,2019,1996871,4712300,-2715429
Nauru,2000,40000,29655,10345
Nauru,2001,40000,30182,9818
Nauru,2002,40000,38496,1504
Nauru,2003,40000,34153,5847
Nauru,2004,40000,26971,13029
Nauru,2005,41000,32413,8587
Nauru,2006,42000,28197,13803
Nauru,2007,45000,33512,11488
Nauru,2008,45000,33811,11189
Nauru,2009,39000,35352,3648
Nauru,2010,39000,34809,4191
Nauru,2011,39000,33789,5211
Nauru,2012,39000,39941,-941
Nauru,2013,39000,58592,-19592
Nauru,2014,22150,257669,-235519
Nauru,2015,11520,149171,-137651
Nauru,2016,18164,118845,-100681
Nauru,2017,1105,68819,-67714
Nauru,2018,180,64518,-64338
Nauru,2019,1380,62355,-60975
Nepal,2000,954360,2813644,-1859284
Nepal,2001,1024780,2336415,-1311635
Nepal,2002,1307006,2822506,-1515500
Nepal,2003,1513387,3509181,-1995794
Nepal,2004,1266534,3678285,-2411751
Nepal,2005,1522100,4092008,-2569908
Nepal,2006,1620376,4032646,-2412270
Nepal,2007,1674842,5354709,-3679867
Nepal,2008,1693992,5832079,-4138087
Nepal,2009,2156965,7088747,-4931782
Nepal,2010,1773752,8203929,-6430177
Nepal,2011,1875079,9928189,-8053110
Nepal,2012,2074099,10396847,-8322748
Nepal,2013,1933273,11577224,-9643951
Nepal,2014,2088019,14613161,-12525142
Nepal,2015,1644074,12762830,-11118756
Nepal,2016,1623945,17186034,-15562089
Nepal,2017,1016908,8925857,-7908949
Nepal,2018,1271435,8993054,-7721619
Nepal,2019,2132947,9724364,-7591417
Netherlands,2000,365519395,295361963,70157432
Netherlands,2001,362337633,290300657,72036976
Netherlands,2002,398440718,313287368,85153350
Netherlands,2003,495704864,385962388,109742476
Netherlands,2004,584084999,457179087,126905912
Netherlands,2005,647946847,505766107,142180740
Netherlands,2006,718929359,566139144,152790215
Netherlands,2007,872313968,683963776,188350192
Netherlands,2008,1010888339,818149951,192738388
Netherlands,2009,849079176,658751515,190327661
Netherlands,2010,940223211,743346850,196876361
Netherlands,2011,1088082864,873843077,214239787
Netherlands,2012,1062243621,858818437,203425184
Netherlands,2013,1100401466,867114832,233286634
Netherlands,2014,1082047786,860985045,221062741
Netherlands,2015,924388797,746289042,178099755
Netherlands,2016,950861783,751050455,199811328
Netherlands,2017,462605435,312257305,150348130
Netherlands,2018,483717382,329795730,153921652
Netherlands,2019,471557807,320493794,151064013
New Caledonia,2000,613179,1538717,-925538
New Caledonia,2001,470196,1686101,-1215905
New Caledonia,2002,514221,1754455,-1240234
New Caledonia,2003,760783,2322066,-1561283
New Caledonia,2004,941978,2593485,-1651507
New Caledonia,2005,1104196,2887195,-1782999
New Caledonia,2006,1461205,3977089,-2515884
New Caledonia,2007,2128411,4218154,-2089743
New Caledonia,2008,1315324,4795979,-3480655
New Caledonia,2009,1019895,4188285,-3168390
New Caledonia,2010,1511553,5116461,-3604908
New Caledonia,2011,1684808,5527533,-3842725
New Caledonia,2012,1359717,5263115,-3903398
New Caledonia,2013,1258047,5336623,-4078576
New Caledonia,2014,1618340,5473114,-3854774
New Caledonia,2015,1248796,4681756,-3432960
New Caledonia,2016,1352085,4035858,-2683773
New Caledonia,2017,19274,1878986,-1859712
New Caledonia,2018,19382,1789219,-1769837
New Caledonia,2019,18342,1749961,-1731619
New Zealand,2000,40074916,18577357,21497559
New Zealand,2001,44712551,18750520,25962031
New Zealand,2002,46929154,20940627,25988527
New Zealand,2003,54705916,26015616,28690300
New Zealand,2004,67395297,30685186,36710111
New Zealand,2005,72953802,34802472,38151330
New Zealand,2006,73523158,35513617,38009541
New Zealand,2007,91425068,43255671,48169397
New Zealand,2008,98444873,49324322,49120551
New Zealand,2009,87561565,38284619,49276946
New Zealand,2010,111243005,45593284,65649721
New Zealand,2011,110659193,50255462,60403731
New Zealand,2012,134998665,57094689,77903976
New Zealand,2013,147542084,59238580,88303504
New Zealand,2014,162107589,63857608,98249981
New Zealand,2015,132552865,56033724,76519141
New Zealand,2016,130117208,55593219,74523989
New Zealand,2017,111948208,21474638,90473570
New Zealand,2018,117036615,22948826,94087789
New Zealand,2019,121131938,22604092,98527846
Nicaragua,2000,2570287,3075206,-504919
Nicaragua,2001,2251589,3225649,-974060
Nicaragua,2002,2362116,3118808,-756692
Nicaragua,2003,2445584,3286653,-841069
Nicaragua,2004,3125329,3803424,-678095
Nicaragua,2005,3628504,4288816,-660312
Nicaragua,2006,3411041,4542143,-1131102
Nicaragua,2007,5236988,6285884,-1048896
Nicaragua,2008,6727703,7849292,-1121589
Nicaragua,2009,6390534,6435682,-45148
Nicaragua,2010,8090372,7422575,667797
Nicaragua,2011,9884811,9315256,569555
Nicaragua,2012,12090852,10155347,1935505
Nicaragua,2013,10569791,10161077,408714
Nicaragua,2014,14875972,11599672,3276300
Nicaragua,2015,14149555,11892180,2257375
Nicaragua,2016,13346425,12089484,1256941
Nicaragua,2017,10221397,5148645,5072752
Nicaragua,2018,9797286,5021775,4775511
Nicaragua,2019,10103914,4919383,5184531
Niger,2000,656108,949038,-292930
Niger,2001,413634,1101316,-687682
Niger,2002,495596,1274870,-779274
Niger,2003,539538,1456256,-916718
Niger,2004,635258,1708556,-1073298
Niger,2005,642125,2092787,-1450662
Niger,2006,714911,2263928,-1549017
Niger,2007,1011285,2193563,-1182278
Niger,2008,1293600,3405668,-2112068
Niger,2009,1292130,3646931,-2354801
Niger,2010,1799725,4193859,-2394134
Niger,2011,1760377,4156298,-2395921
Niger,2012,2362383,4626623,-2264240
Niger,2013,2019305,4927056,-2907751
Niger,2014,2001602,4899092,-2897490
Niger,2015,1640689,4525192,-2884503
Niger,2016,2890234,4089865,-1199631
Niger,2017,3363593,3075032,288561
Niger,2018,3919895,3536989,382906
Niger,2019,3088724,2364813,723911
Nigeria,2000,28734304,11182872,17551432
Nigeria,2001,19996526,15777053,4219473
Nigeria,2002,20528004,16750304,3777700
Nigeria,2003,27008242,24929624,2078618
Nigeria,2004,33575297,24877897,8697400
Nigeria,2005,51728799,33228617,18500182
Nigeria,2006,48034352,35289301,12745051
Nigeria,2007,69003622,51288092,17715530
Nigeria,2008,90491817,71607622,18884195
Nigeria,2009,61623510,56989871,4633639
Nigeria,2010,89653739,70971451,18682288
Nigeria,2011,121398638,89615743,31782895
Nigeria,2012,122832204,85763914,37068290
Nigeria,2013,108980234,96290623,12689611
Nigeria,2014,110071727,99425625,10646102
Nigeria,2015,56669493,73935595,-17266102
Nigeria,2016,40225551,62251058,-22025507
Nigeria,2017,8588311,32984234,-24395923
Nigeria,2018,8210850,29655543,-21444693
Nigeria,2019,8340649,30386734,-22046085
Niue,2000,290,4759,-4469
Niue,2001,277,3750,-3473
Niue,2002,531,5849,-5318
Niue,2003,289,6134,-5845
Niue,2004,405,13335,-12930
Niue,2005,2246,16585,-14339
Niue,2006,1527,15092,-13565
Niue,2007,4830,16285,-11455
Niue,2008,2270,16211,-13941
Niue,2009,2190,12302,-10112
Niue,2010,3105,13548,-10443
Niue,2011,3340,14825,-11485
Niue,2012,3050,18605,-15555
Niue,2013,3070,19937,-16867
Niue,2014,2407,30791,-28384
Niue,2015,2228,28753,-26525
Niue,2016,2191,31786,-29595
Niue,2017,979,19893,-18914
Niue,2018,1260,21215,-19955
Niue,2019,1167,18237,-17070
North Macedonia,2000,2232420,3212324,-979904
North Macedonia,2001,2025733,2732272,-706539
North Macedonia,2002,2034893,3376476,-1341583
North Macedonia,2003,2433376,3836437,-1403061
North Macedonia,2004,2855477,4847918,-1992441
North Macedonia,2005,3594655,5189262,-1594607
North Macedonia,2006,4221130,5830647,-1609517
North Macedonia,2007,5419555,9134933,-3715378
North Macedonia,2008,6522870,10433309,-3910439
North Macedonia,2009,4733063,8219705,-3486642
North Macedonia,2010,5910951,8686459,-2775508
North Macedonia,2011,7458680,10942722,-3484042
North Macedonia,2012,6838689,10502177,-3663488
North Macedonia,2013,7339382,10562725,-3223343
North Macedonia,2014,7985613,11263099,-3277486
North Macedonia,2015,7085190,10005867,-2920677
North Macedonia,2016,7632815,10511372,-2878557
North Macedonia,2017,2601478,3946300,-1344822
North Macedonia,2018,2740712,4293588,-1552876
North Macedonia,2019,2841894,4304294,-1462400
Norway,2000,62166742,43219887,18946855
Norway,2001,60985979,41856751,19129228
Norway,2002,61791539,45268349,16523190
Norway,2003,70382416,52763161,17619255
Norway,2004,85168188,63215302,21952886
Norway,2005,106706638,71742078,34964560
Norway,2006,125248522,82025570,43222952
Norway,2007,139783338,102816133,36967205
Norway,2008,175534848,118074543,57460305
Norway,2009,117686138,92808428,24877710
Norway,2010,134729568,103206043,31523525
Norway,2011,164068806,122582243,41486563
Norway,2012,165014163,120481193,44532970
Norway,2013,158896735,125564942,33331793
Norway,2014,149742364,125239236,24503128
Norway,2015,108010412,107516676,493736
Norway,2016,94005409,105865034,-11859625
Norway,2017,4602844,33490651,-28887807
Norway,2018,5089980,34347424,-29257444
Norway,2019,5118895,33692282,-28573387
Oman,2000,12868632,9797515,3071117
Oman,2001,13691689,11695201,1996488
Oman,2002,13854611,11981321,1873290
Oman,2003,13775877,12037218,1738659
Oman,2004,15211376,14364806,846570
Oman,2005,20579466,13999030,6580436
Oman,2006,23168777,16568674,6600103
Oman,2007,26706532,23394773,3311759
Oman,2008,41738787,35125179,6613608
Oman,2009,30811575,27223143,3588432
Oman,2010,40150739,31108648,9042091
Oman,2011,51401667,36104229,15297438
Oman,2012,56619062,42249853,14369209
Oman,2013,62134487,49818348,12316139
Oman,2014,55888888,46600156,9288732
Oman,2015,38415454,45921747,-7506293
Oman,2016,30023915,39885791,-9861876
Oman,2017,7182301,17117859,-9935558
Oman,2018,7075641,18153968,-11078327
Oman,2019,2541250,19822018,-17280768
Pakistan,2000,14778775,19442991,-4664216
Pakistan,2001,14735091,17138708,-2403617
Pakistan,2002,15180173,18560487,-3380314
Pakistan,2003,18467247,21231534,-2764287
Pakistan,2004,19977541,28162252,-8184711
Pakistan,2005,25186316,38707607,-13521291
Pakistan,2006,27814297,45470784,-17656487
Pakistan,2007,28781285,49654043,-20872758
Pakistan,2008,34673678,66874423,-32200745
Pakistan,2009,33667549,54911597,-21244048
Pakistan,2010,40340496,58397643,-18057147
Pakistan,2011,52652547,72742901,-20090354
Pakistan,2012,49036963,70074126,-21037163
Pakistan,2013,51880636,69647033,-17766397
Pakistan,2014,50182798,78622304,-28439506
Pakistan,2015,45096915,73501146,-28404231
Pakistan,2016,39885430,80090653,-40205223
Pakistan,2017,20047890,40510807,-20462917
Pakistan,2018,24309924,37796604,-13486680
Pakistan,2019,24164325,32318752,-8154427
Palestine,2000,923615,5186378,-4262763
Palestine,2001,673277,4786524,-4113247
Palestine,2002,587512,3952777,-3365265
Palestine,2003,622844,4505101,-3882257
Palestine,2004,645301,5397094,-4751793
Palestine,2005,693862,5657551,-4963689
Palestine,2006,704747,5777330,-5072583
Palestine,2007,1004922,6885368,-5880446
Palestine,2008,989865,6552422,-5562557
Palestine,2009,1010136,6852124,-5841988
Palestine,2010,968151,7128197,-6160046
Palestine,2011,1236507,8506602,-7270095
Palestine,2012,1284255,7185734,-5901479
Palestine,2013,1295340,7315197,-6019857
Palestine,2014,1420724,11163673,-9742949
Palestine,2015,1477370,10190157,-8712787
Palestine,2016,1495323,10615376,-9120053
Palestine,2017,699086,6397753,-5698667
Palestine,2018,700244,7046765,-6346521
Palestine,2019,587411,5485779,-4898368
Panama,2000,2327051,5193564,-2866513
Panama,2001,2291899,4867745,-2575846
Panama,2002,2120767,4909312,-2788545
Panama,2003,2132602,5188989,-3056387
Panama,2004,2409938,5804765,-3394827
Panama,2005,2869884,6536538,-3666654
Panama,2006,2943757,7350474,-4406717
Panama,2007,3237520,10262811,-7025291
Panama,2008,3379603,13619135,-10239532
Panama,2009,2342552,12057522,-9714970
Panama,2010,2154703,13993392,-11838689
Panama,2011,2252645,17349907,-15097262
Panama,2012,2375768,19206335,-16830567
Panama,2013,2442998,19667538,-17224540
Panama,2014,14814611,32850570,-18035959
Panama,2015,12961092,31018726,-18057634
Panama,2016,12719890,29751880,-17031990
Panama,2017,1589720,9122872,-7533152
Panama,2018,1664606,9891270,-8226664
Panama,2019,2794226,12853703,-10059477
Papua New Guinea,2000,3561835,1878696,1683139
Papua New Guinea,2001,2937827,1958160,979667
Papua New Guinea,2002,2909518,2087279,822239
Papua New Guinea,2003,3860005,2063864,1796141
Papua New Guinea,2004,4372801,2419118,1953683
Papua New Guinea,2005,5252783,2651178,2601605
Papua New Guinea,2006,5918360,3306556,2611804
Papua New Guinea,2007,7170815,4608103,2562712
Papua New Guinea,2008,8767751,5804102,2963649
Papua New Guinea,2009,7526613,5543601,1983012
Papua New Guinea,2010,9502018,6576030,2925988
Papua New Guinea,2011,11487999,7352983,4135016
Papua New Guinea,2012,10324116,8673219,1650897
Papua New Guinea,2013,9219598,9221690,-2092
Papua New Guinea,2014,12993443,8196864,4796579
Papua New Guinea,2015,12494674,7032758,5461916
Papua New Guinea,2016,12738180,6615677,6122503
Papua New Guinea,2017,4713272,4833740,-120468
Papua New Guinea,2018,4301738,3807427,494311
Papua New Guinea,2019,3524794,3898758,-373964
Paraguay,2000,4423068,4769580,-346512
Paraguay,2001,5188154,3942677,1245477
Paraguay,2002,3769728,3377923,391805
Paraguay,2003,7050851,3391959,3658892
Paraguay,2004,8610505,4391931,4218574
Paraguay,2005,8837119,5162353,3674766
Paraguay,2006,9459470,7587633,1871837
Paraguay,2007,14660797,9196072,5464725
Paraguay,2008,22258126,11878291,10379835
Paraguay,2009,16917031,9645931,7271100
Paraguay,2010,25090296,13537175,11553121
Paraguay,2011,33115048,16728376,16386672
Paraguay,2012,29413105,15947294,13465811
Paraguay,2013,39945699,16682749,23262950
Paraguay,2014,40433407,16915337,23518070
Paraguay,2015,33687422,14596556,19090866
Paraguay,2016,34712318,14075930,20636388
Paraguay,2017,26566463,4995693,21570770
Paraguay,2018,27876014,5456351,22419663
Paraguay,2019,23939188,4862745,19076443
Peru,2000,10332773,11742010,-1409237
Peru,2001,10244806,12046168,-1801362
Peru,2002,11470892,12369773,-898881
Peru,2003,13297633,13443039,-145406
Peru,2004,18192156,16151986,2040170
Peru,2005,23855697,19469062,4386635
Peru,2006,32623011,23174765,9448246
Peru,2007,37671187,31063391,6607796
Peru,2008,44442820,44640106,-197286
Peru,2009,39078374,33417653,5660721
Peru,2010,51188361,44953919,6234442
Peru,2011,68563092,56719228,11843864
Peru,2012,66936888,62618304,4318584
Peru,2013,62982011,63901202,-919191
Peru,2014,64500018,63813867,686151
Peru,2015,59245196,58093228,1151968
Peru,2016,64187709,55918319,8269390
Peru,2017,29105952,22639857,6466095
Peru,2018,32736243,23017076,9719167
Peru,2019,34828692,22781093,12047599
Philippines,2000,46860318,49304415,-2444097
Philippines,2001,39309049,46668686,-7359637
Philippines,2002,43538502,53905854,-10367352
Philippines,2003,46040111,56529790,-10489679
Philippines,2004,49083097,61249712,-12166615
Philippines,2005,52028987,66347495,-14318508
Philippines,2006,58126941,72010730,-13883789
Philippines,2007,63072392,78900573,-15828181
Philippines,2008,64009140,93809571,-29800431
Philippines,2009,50183692,71752525,-21568833
Philippines,2010,66666725,87749898,-21083173
Philippines,2011,69111904,94429126,-25317222
Philippines,2012,70707321,96913350,-26206029
Philippines,2013,78856406,95664080,-16807674
Philippines,2014,89633707,106908513,-17274806
Philippines,2015,78569014,112662558,-34093544
Philippines,2016,78296085,134970532,-56674447
Philippines,2017,27626648,51207676,-23581028
Philippines,2018,25493918,59148873,-33654955
Philippines,2019,28899435,64904804,-36005369
Poland,2000,42969769,63285372,-20315603
Poland,2001,49424697,64990739,-15566042
Poland,2002,55280126,71190164,-15910038
Poland,2003,73576872,86590841,-13013969
Poland,2004,106804468,115353654,-8549186
Poland,2005,130150369,132177783,-2027414
Poland,2006,158590724,161941433,-3350709
Poland,2007,201608742,214830218,-13221476
Poland,2008,244407627,272589298,-28181671
Poland,2009,206948595,205369304,1579291
Poland,2010,237327223,239528895,-2201672
Poland,2011,281090444,286908357,-5817913
Poland,2012,288611373,275401101,13210272
Poland,2013,320459810,285238275,35221535
Poland,2014,348603682,307449919,41153763
Poland,2015,317721045,271607169,46113876
Poland,2016,323409171,278702753,44706418
Poland,2017,140284228,93253648,47030580
Poland,2018,152576198,99024735,53551463
Poland,2019,153314571,98776197,54538374
Portugal,2000,31142289,58417732,-27275443
Portugal,2001,31017964,58720423,-27702459
Portugal,2002,33863505,60165366,-26301861
Portugal,2003,41755498,70905672,-29150174
Portugal,2004,47377964,82723327,-35345363
Portugal,2005,50886654,89167867,-38281213
Portugal,2006,57844043,96600952,-38756909
Portugal,2007,70294488,116622629,-46328141
Portugal,2008,79702197,140036249,-60334052
Portugal,2009,64861164,109654039,-44792875
Portugal,2010,71385332,118098220,-46712888
Portugal,2011,86115126,131914801,-45799675
Portugal,2012,85151694,117681623,-32529929
Portugal,2013,92703404,124865988,-32162584
Portugal,2014,96553145,125752430,-29199285
Portugal,2015,83408461,107821027,-24412566
Portugal,2016,84153642,109746610,-25592968
Portugal,2017,31499165,46844336,-15345171
Portugal,2018,33968736,51096281,-17127545
Portugal,2019,33047801,49269853,-16222052
Qatar,2000,11631559,4747944,6883615
Qatar,2001,10894577,5322092,5572485
Qatar,2002,11021775,5865654,5156121
Qatar,2003,13456268,6673117,6783151
Qatar,2004,18775125,7484332,11290793
Qatar,2005,25878012,12313098,13564914
Qatar,2006,27070575,15399115,11671460
Qatar,2007,42106564,27016250,15090314
Qatar,2008,56715638,35863592,20852046
Qatar,2009,48195515,31666124,16529391
Qatar,2010,74877796,32328865,42548931
Qatar,2011,114404799,40257889,74146910
Qatar,2012,133179810,45874419,87305391
Qatar,2013,137013831,46456302,90557529
Qatar,2014,131833188,44281634,87551554
Qatar,2015,78548547,47367961,31180586
Qatar,2016,57579147,46830332,10748815
Qatar,2017,169104,15904653,-15735549
Qatar,2018,107316,15642662,-15535346
Qatar,2019,97142,14916137,-14818995
Republic of Korea,2000,179654133,199232563,-19578430
Republic of Korea,2001,158116317,179481906,-21365589
Republic of Korea,2002,170472408,194087159,-23614751
Republic of Korea,2003,202856068,224506341,-21650273
Republic of Korea,2004,264034256,274821176,-10786920
Republic of Korea,2005,295238045,313998790,-18760745
Republic of Korea,2006,336581454,368041505,-31460051
Republic of Korea,2007,383721408,427651769,-43930361
Republic of Korea,2008,436014929,525407278,-89392349
Republic of Korea,2009,378248581,394650239,-16401658
Republic of Korea,2010,484551583,514161409,-29609826
Republic of Korea,2011,575593698,634640349,-59046651
Republic of Korea,2012,571724959,637386580,-65661621
Republic of Korea,2013,584232964,634507673,-50274709
Republic of Korea,2014,598718480,648571219,-49852739
Republic of Korea,2015,552389455,552305721,83734
Republic of Korea,2016,522859483,519757513,3101970
Republic of Korea,2017,29451641,122438636,-92986995
Republic of Korea,2018,30209323,132143874,-101934551
Republic of Korea,2019,31568615,132737840,-101169225
Republic of Moldova,2000,1877829,1246705,631124
Republic of Moldova,2001,2293281,1497722,795559
Republic of Moldova,2002,2629845,1721869,907976
Republic of Moldova,2003,3144248,2464131,680117
Republic of Moldova,2004,3778242,3071033,707209
Republic of Moldova,2005,4128318,3779126,349192
Republic of Moldova,2006,3288485,4093407,-804922
Republic of Moldova,2007,3778348,5785186,-2006838
Republic of Moldova,2008,4456286,7680314,-3224028
Republic of Moldova,2009,4222754,5516071,-1293317
Republic of Moldova,2010,5088109,6475971,-1387862
Republic of Moldova,2011,6697321,8241608,-1544287
Republic of Moldova,2012,6383186,8435563,-2052377
Republic of Moldova,2013,7384601,8969522,-1584921
Republic of Moldova,2014,7583316,8497302,-913986
Republic of Moldova,2015,6432941,6530933,-97992
Republic of Moldova,2016,6595103,6604390,-9287
Republic of Moldova,2017,5447152,3022799,2424353
Republic of Moldova,2018,5613677,3340854,2272823
Republic of Moldova,2019,5860538,3548649,2311889
Romania,2000,11958867,17544298,-5585431
Romania,2001,13281643,21145767,-7864124
Romania,2002,15893966,23344836,-7450870
Romania,2003,20253314,32236785,-11983471
Romania,2004,26851402,42743229,-15891827
Romania,2005,31536002,52225240,-20689238
Romania,2006,38011026,65758093,-27747067
Romania,2007,47457237,91636372,-44179135
Romania,2008,64118597,112940706,-48822109
Romania,2009,54514017,77892826,-23378809
Romania,2010,68236577,85410941,-17174364
Romania,2011,88334284,104749011,-16414727
Romania,2012,81137088,98401581,-17264493
Romania,2013,97531162,103072782,-5541620
Romania,2014,103550127,108096449,-4546322
Romania,2015,90381474,99961350,-9579876
Romania,2016,94500192,108330711,-13830519
Romania,2017,33126439,37743755,-4617316
Romania,2018,36303446,42140027,-5836581
Romania,2019,37379043,43292785,-5913742
Russian Federation,2000,119617344,78828533,40788811
Russian Federation,2001,105886236,81916526,23969710
Russian Federation,2002,115780597,104825446,10955151
Russian Federation,2003,163420182,128584781,34835401
Russian Federation,2004,193610303,157186237,36424066
Russian Federation,2005,260269094,200038571,60230523
Russian Federation,2006,324225879,257599857,66626022
Russian Federation,2007,391687922,342361241,49326681
Russian Federation,2008,509286720,444685761,64600959
Russian Federation,2009,339341085,322410613,16930472
Russian Federation,2010,428165620,404938561,23227059
Russian Federation,2011,566135203,505544972,60590231
Russian Federation,2012,596458777,520563028,75895749
Russian Federation,2013,586092368,538902456,47189912
Russian Federation,2014,574474145,489161404,85312741
Russian Federation,2015,405786564,314542128,91244436
Russian Federation,2016,349154580,305407787,43746793
Russian Federation,2017,83385050,132213550,-48828500
Russian Federation,2018,99816909,134241408,-34424499
Russian Federation,2019,97287739,135888680,-38600941
Rwanda,2000,269672,573140,-303468
Rwanda,2001,250679,600150,-349471
Rwanda,2002,203328,541863,-338535
Rwanda,2003,204394,489586,-285192
Rwanda,2004,253926,591981,-338055
Rwanda,2005,434150,705359,-271209
Rwanda,2006,564808,849302,-284494
Rwanda,2007,546712,1197795,-651083
Rwanda,2008,1393553,1726950,-333397
Rwanda,2009,633164,2063179,-1430015
Rwanda,2010,835404,2247843,-1412439
Rwanda,2011,1225588,2806050,-1580462
Rwanda,2012,1763055,3539892,-1776837
Rwanda,2013,1949805,3312827,-1363022
Rwanda,2014,1819781,4106530,-2286749
Rwanda,2015,1972003,4037110,-2065107
Rwanda,2016,1988437,4477603,-2489166
Rwanda,2017,1608035,2809372,-1201337
Rwanda,2018,1877210,2707749,-830539
Rwanda,2019,2075981,2500369,-424388
Saint Kitts and Nevis,2000,82247,343336,-261089
Saint Kitts and Nevis,2001,86496,342771,-256275
Saint Kitts and Nevis,2002,99712,353442,-253730
Saint Kitts and Nevis,2003,93688,360079,-266391
Saint Kitts and Nevis,2004,115572,365208,-249636
Saint Kitts and Nevis,2005,96707,390568,-293861
Saint Kitts and Nevis,2006,84507,460434,-375927
Saint Kitts and Nevis,2007,93367,502077,-408710
Saint Kitts and Nevis,2008,87810,577259,-489449
Saint Kitts and Nevis,2009,60646,540312,-479666
Saint Kitts and Nevis,2010,72436,505092,-432656
Saint Kitts and Nevis,2011,64342,442898,-378556
Saint Kitts and Nevis,2012,67200,412838,-345638
Saint Kitts and Nevis,2013,59174,445943,-386769
Saint Kitts and Nevis,2014,67721,450643,-382922
Saint Kitts and Nevis,2015,79814,591114,-511300
Saint Kitts and Nevis,2016,68295,719251,-650956
Saint Kitts and Nevis,2017,13670,384495,-370825
Saint Kitts and Nevis,2018,22159,212723,-190564
Saint Kitts and Nevis,2019,18306,220471,-202165
Saint Lucia,2000,210504,756085,-545581
Saint Lucia,2001,181361,666395,-485034
Saint Lucia,2002,231544,652000,-420456
Saint Lucia,2003,216993,817449,-600456
Saint Lucia,2004,263626,907986,-644360
Saint Lucia,2005,230204,963419,-733215
Saint Lucia,2006,261680,1137279,-875599
Saint Lucia,2007,281385,1197323,-915938
Saint Lucia,2008,399347,1301552,-902205
Saint Lucia,2009,538252,1081526,-543274
Saint Lucia,2010,383346,1228501,-845155
Saint Lucia,2011,235987,1204737,-968750
Saint Lucia,2012,290543,1145590,-855047
Saint Lucia,2013,276161,1084896,-808735
Saint Lucia,2014,333331,1384541,-1051210
Saint Lucia,2015,387944,1205975,-818031
Saint Lucia,2016,333754,1384725,-1050971
Saint Lucia,2017,209526,761726,-552200
Saint Lucia,2018,180023,793554,-613531
Saint Lucia,2019,182002,778857,-596855
Saint Vincent and the Grenadines,2000,199278,274270,-74992
Saint Vincent and the Grenadines,2001,164954,324769,-159815
Saint Vincent and the Grenadines,2002,208378,390140,-181762
Saint Vincent and the Grenadines,2003,181870,408765,-226895
Saint Vincent and the Grenadines,2004,186184,465345,-279161
Saint Vincent and the Grenadines,2005,191754,485473,-293719
Saint Vincent and the Grenadines,2006,197351,530950,-333599
Saint Vincent and the Grenadines,2007,204498,667893,-463395
Saint Vincent and the Grenadines,2008,215144,796245,-581101
Saint Vincent and the Grenadines,2009,210774,712067,-501293
Saint Vincent and the Grenadines,2010,185900,785103,-599203
Saint Vincent and the Grenadines,2011,135350,649374,-514024
Saint Vincent and the Grenadines,2012,134805,735411,-600606
Saint Vincent and the Grenadines,2013,151024,715589,-564565
Saint Vincent and the Grenadines,2014,221277,819872,-598595
Saint Vincent and the Grenadines,2015,221065,788592,-567527
Saint Vincent and the Grenadines,2016,214736,777553,-562817
Saint Vincent and the Grenadines,2017,141414,451013,-309599
Saint Vincent and the Grenadines,2018,129115,451347,-322232
Saint Vincent and the Grenadines,2019,114674,460207,-345533
Samoa,2000,33481,212156,-178675
Samoa,2001,35289,238053,-202764
Samoa,2002,40927,274798,-233871
Samoa,2003,45604,294593,-248989
Samoa,2004,50366,368913,-318547
Samoa,2005,61167,417123,-355956
Samoa,2006,40233,464147,-423914
Samoa,2007,44555,493756,-449201
Samoa,2008,97156,573309,-476153
Samoa,2009,68593,598847,-530254
Samoa,2010,86307,629255,-542948
Samoa,2011,92725,683834,-591109
Samoa,2012,128341,796030,-667689
Samoa,2013,114009,820427,-706418
Samoa,2014,94933,812594,-717661
Samoa,2015,117592,790608,-673016
Samoa,2016,102427,791460,-689033
Samoa,2017,56057,447328,-391271
Samoa,2018,75054,444245,-369191
Samoa,2019,68889,476443,-407554
Sao Tome and Principe,2000,36515,85667,-49152
Sao Tome and Principe,2001,29730,111496,-81766
Sao Tome and Principe,2002,35510,105135,-69625
Sao Tome and Principe,2003,38851,133715,-94864
Sao Tome and Principe,2004,25157,142233,-117076
Sao Tome and Principe,2005,26120,146374,-120254
Sao Tome and Principe,2006,32148,175682,-143534
Sao Tome and Principe,2007,27835,209120,-181285
Sao Tome and Principe,2008,33346,256017,-222671
Sao Tome and Principe,2009,37415,280779,-243364
Sao Tome and Principe,2010,48793,283836,-235043
Sao Tome and Principe,2011,43804,327976,-284172
Sao Tome and Principe,2012,40225,348331,-308106
Sao Tome and Principe,2013,43265,362273,-319008
Sao Tome and Principe,2014,68032,444929,-376897
Sao Tome and Principe,2015,53760,364044,-310284
Sao Tome and Principe,2016,60174,363853,-303679
Sao Tome and Principe,2017,45080,218825,-173745
Sao Tome and Principe,2018,44875,215302,-170427
Sao Tome and Principe,2019,43231,228568,-185337
Saudi Arabia,2000,79857661,56088111,23769550
Saudi Arabia,2001,70208356,53833341,16375015
Saudi Arabia,2002,75205249,57114806,18090443
Saudi Arabia,2003,97858275,67043012,30815263
Saudi Arabia,2004,131450339,76751353,54698986
Saudi Arabia,2005,186676743,100057791,86618952
Saudi Arabia,2006,217222880,110180508,107042372
Saudi Arabia,2007,244959355,146287762,98671593
Saudi Arabia,2008,321950015,181685547,140264468
Saudi Arabia,2009,200355060,150614494,49740566
Saudi Arabia,2010,265212807,186253627,78959180
Saudi Arabia,2011,380986642,225555382,155431260
Saudi Arabia,2012,405052688,256804540,148248148
Saudi Arabia,2013,392560962,280387027,112173935
Saudi Arabia,2014,359994176,288150183,71843993
Saudi Arabia,2015,221332897,283899554,-62566657
Saudi Arabia,2016,200555336,244753005,-44197669
Saudi Arabia,2017,17025824,101632391,-84606567
Saudi Arabia,2018,16233668,94896786,-78663118
Saudi Arabia,2019,16182665,97827332,-81644667
Senegal,2000,1410614,3438181,-2027567
Senegal,2001,1366436,4230919,-2864483
Senegal,2002,1534452,4609770,-3075318
Senegal,2003,1934606,6054137,-4119531
Senegal,2004,2142665,7067682,-4925017
Senegal,2005,2129539,7605329,-5475790
Senegal,2006,2554138,8248683,-5694545
Senegal,2007,3039816,11199645,-8159829
Senegal,2008,3331577,15832202,-12500625
Senegal,2009,3447047,10604339,-7157292
Senegal,2010,3741640,10704951,-6963311
Senegal,2011,4877241,13591010,-8713769
Senegal,2012,4652174,14527974,-9875800
Senegal,2013,5594481,14833382,-9238901
Senegal,2014,5586379,14303178,-8716799
Senegal,2015,5715437,12406994,-6691557
Senegal,2016,5502462,12164924,-6662462
Senegal,2017,2980904,8240756,-5259852
Senegal,2018,3362418,8493928,-5131510
Senegal,2019,3978914,7937218,-3958304
Serbia,2000,0,0,0
Serbia,2001,0,0,0
Serbia,2002,0,0,0
Serbia,2003,0,0,0
Serbia,2004,0,0,0
Serbia,2005,0,0,0
Serbia,2006,12430418,17217206,-4786788
Serbia,2007,16760188,23424256,-6664068
Serbia,2008,20070775,30940205,-10869430
Serbia,2009,17467625,20568118,-3100493
Serbia,2010,20307033,21596970,-1289937
Serbia,2011,24482900,26358012,-1875112
Serbia,2012,24134046,25877540,-1743494
Serbia,2013,27791074,28017658,-226584
Serbia,2014,29532422,28058817,1473605
Serbia,2015,27037401,25134490,1902911
Serbia,2016,29940989,25384312,4556677
Serbia,2017,14980270,7960916,7019354
Serbia,2018,16014156,9310807,6703349
Serbia,2019,17276011,9712142,7563869
Serbia and Montenegro,2000,3115231,5301329,-2186098
Serbia and Montenegro,2001,3430440,7450326,-4019886
Serbia and Montenegro,2002,4828831,9473569,-4644738
Serbia and Montenegro,2003,4837293,10908742,-6071449
Serbia and Montenegro,2004,7342553,15218596,-7876043
Serbia and Montenegro,2005,8611545,14642498,-6030953
Serbia and Montenegro,2006,0,0,0
Serbia and Montenegro,2007,0,0,0
Serbia and Montenegro,2008,0,0,0
Serbia and Montenegro,2009,0,0,0
Serbia and Montenegro,2010,0,0,0
Serbia and Montenegro,2011,0,0,0
Serbia and Montenegro,2012,0,0,0
Serbia and Montenegro,2013,0,0,0
Serbia and Montenegro,2014,0,0,0
Serbia and Montenegro,2015,0,0,0
Serbia and Montenegro,2016,0,0,0
Serbia and Montenegro,2017,0,0,0
Serbia and Montenegro,2018,0,0,0
Serbia and Montenegro,2019,0,0,0
Seychelles,2000,200465,586269,-385804
Seychelles,2001,218856,668969,-450113
Seychelles,2002,233365,797184,-563819
Seychelles,2003,281034,716900,-435866
Seychelles,2004,296576,731087,-434511
Seychelles,2005,348788,1042096,-693308
Seychelles,2006,393552,1258866,-865314
Seychelles,2007,380222,1351171,-970949
Seychelles,2008,448221,1522176,-1073955
Seychelles,2009,414156,1168759,-754603
Seychelles,2010,414598,1043602,-629004
Seychelles,2011,497929,1195951,-698022
Seychelles,2012,514157,1511308,-997151
Seychelles,2013,595900,1608218,-1012318
Seychelles,2014,554800,1750572,-1195772
Seychelles,2015,470576,1665744,-1195168
Seychelles,2016,530836,1894479,-1363643
Seychelles,2017,28741,803677,-774936
Seychelles,2018,48376,721775,-673399
Seychelles,2019,87555,784997,-697442
Sierra Leone,2000,36557,726356,-689799
Sierra Leone,2001,53964,895142,-841178
Sierra Leone,2002,78586,1225366,-1146780
Sierra Leone,2003,143396,1141684,-998288
Sierra Leone,2004,197247,808026,-610779
Sierra Leone,2005,233486,879774,-646288
Sierra Leone,2006,293968,991343,-697375
Sierra Leone,2007,365544,1192440,-826896
Sierra Leone,2008,343540,1753671,-1410131
Sierra Leone,2009,391766,1367169,-975403
Sierra Leone,2010,497925,1657301,-1159376
Sierra Leone,2011,513766,3020299,-2506533
Sierra Leone,2012,535559,3175336,-2639777
Sierra Leone,2013,478796,3468036,-2989240
Sierra Leone,2014,1802888,3481052,-1678164
Sierra Leone,2015,804490,3573461,-2768971
Sierra Leone,2016,907290,2641579,-1734289
Sierra Leone,2017,480248,2211968,-1731720
Sierra Leone,2018,297043,1973026,-1675983
Sierra Leone,2019,295642,1967678,-1672036
Singapore,2000,151847032,146203458,5643574
Singapore,2001,133539484,134550893,-1011409
Singapore,2002,137491052,134602601,2888451
Singapore,2003,156109214,146607297,9501917
Singapore,2004,212724660,194312612,18412048
Singapore,2005,246863736,224467842,22395894
Singapore,2006,290802487,265006852,25795635
Singapore,2007,322836407,295873333,26963074
Singapore,2008,366738479,359520239,7218240
Singapore,2009,296021008,281297844,14723164
Singapore,2010,383794108,354327609,29466499
Singapore,2011,448796244,420939564,27856680
Singapore,2012,469660464,434448941,35211523
Singapore,2013,475173740,432063723,43110017
Singapore,2014,460705387,428453869,32251518
Singapore,2015,395184490,352956900,42227590
Singapore,2016,384740898,345963127,38777771
Singapore,2017,46901123,56014623,-9113500
Singapore,2018,49501173,58860332,-9359159
Singapore,2019,66489853,59483926,7005927
Slovakia,2000,13671275,16448204,-2776929
Slovakia,2001,14530373,18862674,-4332301
Slovakia,2002,16898911,21038914,-4140003
Slovakia,2003,25104552,27954374,-2849822
Slovakia,2004,32347667,37287362,-4939695
Slovakia,2005,38442062,45754886,-7312824
Slovakia,2006,49625582,57817191,-8191609
Slovakia,2007,68265306,76406354,-8141048
Slovakia,2008,83293280,94055888,-10762608
Slovakia,2009,68350789,74665753,-6314964
Slovakia,2010,78115954,86301875,-8185921
Slovakia,2011,97761368,105377520,-7616152
Slovakia,2012,101590108,102487273,-897165
Slovakia,2013,105560269,107392485,-1832216
Slovakia,2014,103280077,106637861,-3357784
Slovakia,2015,89269651,94244921,-4975270
Slovakia,2016,92128153,97723421,-5595268
Slovakia,2017,14860555,23592312,-8731757
Slovakia,2018,15620594,26380504,-10759910
Slovakia,2019,14921962,25588468,-10666506
Slovenia,2000,10271715,13899785,-3628070
Slovenia,2001,10975746,13396458,-2420712
Slovenia,2002,12269867,14396783,-2126916
Slovenia,2003,15009233,18061421,-3052188
Slovenia,2004,19081531,22958494,-3876963
Slovenia,2005,22316265,26785349,-4469084
Slovenia,2006,27511172,32123683,-4612511
Slovenia,2007,35872456,42311640,-6439184
Slovenia,2008,41480117,50202416,-8722299
Slovenia,2009,32925406,38685868,-5760462
Slovenia,2010,37134623,43380200,-6245577
Slovenia,2011,43536019,50771086,-7235067
Slovenia,2012,41608988,46993022,-5384034
Slovenia,2013,42953488,48194463,-5240975
Slovenia,2014,44636997,48270860,-3633863
Slovenia,2015,39956484,42550112,-2593628
Slovenia,2016,41468847,43730545,-2261698
Slovenia,2017,9589601,14375230,-4785629
Slovenia,2018,11150063,15893442,-4743379
Slovenia,2019,11117893,15550652,-4432759
Solomon Islands,2000,245225,185849,59376
Solomon Islands,2001,139688,197604,-57916
Solomon Islands,2002,146638,163024,-16386
Solomon Islands,2003,186921,184776,2145
Solomon Islands,2004,216108,231569,-15461
Solomon Islands,2005,227190,393243,-166053
Solomon Islands,2006,178555,483137,-304582
Solomon Islands,2007,306258,572179,-265921
Solomon Islands,2008,368047,713793,-345746
Solomon Islands,2009,356060,609106,-253046
Solomon Islands,2010,453388,901217,-447829
Solomon Islands,2011,779110,957093,-177983
Solomon Islands,2012,874638,1042068,-167430
Solomon Islands,2013,689160,1106840,-417680
Solomon Islands,2014,806731,1067751,-261020
Solomon Islands,2015,708372,1051679,-343307
Solomon Islands,2016,726291,1018153,-291862
Solomon Islands,2017,338307,717602,-379295
Solomon Islands,2018,282717,677997,-395280
Solomon Islands,2019,210328,658065,-447737
Somalia,2000,467419,955715,-488296
Somalia,2001,194971,777298,-582327
Somalia,2002,414989,958534,-543545
Somalia,2003,498870,1068883,-570013
Somalia,2004,437678,1435553,-997875
Somalia,2005,578673,1852762,-1274089
Somalia,2006,599052,2569249,-1970197
Somalia,2007,719695,2863091,-2143396
Somalia,2008,711833,3870958,-3159125
Somalia,2009,884920,3083811,-2198891
Somalia,2010,947481,2784765,-1837284
Somalia,2011,1260939,4269997,-3009058
Somalia,2012,1490413,5771813,-4281400
Somalia,2013,2077928,9208905,-7130977
Somalia,2014,2408609,27847617,-25439008
Somalia,2015,2387300,27028397,-24641097
Somalia,2016,2186129,26139152,-23953023
Somalia,2017,1368337,8946365,-7578028
Somalia,2018,866766,9681537,-8814771
Somalia,2019,1058905,10691335,-9632430
South Africa,2000,40138667,36341524,3797143
South Africa,2001,39278136,33830705,5447431
South Africa,2002,40833238,36067665,4765573
South Africa,2003,50682773,49474669,1208104
South Africa,2004,62673197,66047357,-3374160
South Africa,2005,70555509,75198981,-4643472
South Africa,2006,76765235,90732696,-13967461
South Africa,2007,89606616,109139913,-19533297
South Africa,2008,107262586,124862198,-17599612
South Africa,2009,88081047,94715559,-6634512
South Africa,2010,110551937,117268583,-6716646
South Africa,2011,131663358,152331366,-20668008
South Africa,2012,132314530,159071152,-26756622
South Africa,2013,141879539,158325388,-16445849
South Africa,2014,138937717,151923853,-12986136
South Africa,2015,119804823,127995346,-8190523
South Africa,2016,117183386,121309760,-4126374
South Africa,2017,46648790,30894597,15754193
South Africa,2018,49395627,30675195,18720432
South Africa,2019,46141628,29937789,16203839
South Sudan,2000,0,0,0
South Sudan,2001,0,0,0
South Sudan,2002,0,0,0
South Sudan,2003,0,0,0
South Sudan,2004,0,0,0
South Sudan,2005,0,0,0
South Sudan,2006,0,0,0
South Sudan,2007,0,0,0
South Sudan,2008,0,0,0
South Sudan,2009,0,0,0
South Sudan,2010,0,0,0
South Sudan,2011,0,0,0
South Sudan,2012,0,300346,-300346
South Sudan,2013,15,228230,-228215
South Sudan,2014,4430095,2108056,2322039
South Sudan,2015,2374162,1515346,858816
South Sudan,2016,1530015,1561190,-31175
South Sudan,2017,33165,1639679,-1606514
South Sudan,2018,237631,1937822,-1700191
South Sudan,2019,114598,1242009,-1127411
Spain,2000,182624800,206594342,-23969542
Spain,2001,186204856,207680899,-21476043
Spain,2002,204948877,226894877,-21946000
Spain,2003,259497557,286291474,-26793917
Spain,2004,299139219,352166246,-53027027
Spain,2005,303302548,390244618,-86942070
Spain,2006,333710269,419189381,-85479112
Spain,2007,402574746,517467679,-114892933
Spain,2008,456455595,572422495,-115966900
Spain,2009,383751764,423352652,-39600888
Spain,2010,423330304,460174872,-36844568
Spain,2011,502498762,533997672,-31498910
Spain,2012,498616904,489480087,9136817
Spain,2013,535529272,490851500,44677772
Spain,2014,558862011,512559359,46302652
Spain,2015,493028795,449488113,43540682
Spain,2016,513218955,453118321,60100634
Spain,2017,241298655,156949919,84348736
Spain,2018,252727232,165002592,87724640
Spain,2019,255212482,158345487,96866995
Sri Lanka,2000,10378484,10779070,-400586
Sri Lanka,2001,9528046,9289568,238478
Sri Lanka,2002,9492349,9874878,-382529
Sri Lanka,2003,10107655,10542876,-435221
Sri Lanka,2004,11360690,12378850,-1018160
Sri Lanka,2005,12890638,13394137,-503499
Sri Lanka,2006,12103563,16831015,-4727452
Sri Lanka,2007,13508775,18768557,-5259782
Sri Lanka,2008,19020004,22431807,-3411803
Sri Lanka,2009,16948015,16634663,313352
Sri Lanka,2010,20424242,22108338,-1684096
Sri Lanka,2011,23993020,31937757,-7944737
Sri Lanka,2012,21863541,28664697,-6801156
Sri Lanka,2013,22947732,27522429,-4574697
Sri Lanka,2014,25498694,31540319,-6041625
Sri Lanka,2015,23500801,30414285,-6913484
Sri Lanka,2016,23218349,29689570,-6471221
Sri Lanka,2017,14640074,13044362,1595712
Sri Lanka,2018,9912134,11980175,-2068041
Sri Lanka,2019,9492115,11189348,-1697233
Sudan,2000,0,0,0
Sudan,2001,0,0,0
Sudan,2002,0,0,0
Sudan,2003,0,0,0
Sudan,2004,0,0,0
Sudan,2005,0,0,0
Sudan,2006,0,0,0
Sudan,2007,0,0,0
Sudan,2008,0,0,0
Sudan,2009,0,0,0
Sudan,2010,0,0,0
Sudan,2011,0,0,0
Sudan,2012,7104291,15594073,-8489782
Sudan,2013,10982956,21239349,-10256393
Sudan,2014,8351177,19504931,-11153754
Sudan,2015,11414522,18924710,-7510188
Sudan,2016,7522396,16939956,-9417560
Sudan,2017,7419771,10242129,-2822358
Sudan,2018,6894673,8857196,-1962523
Sudan,2019,7066832,8671958,-1605126
Sudan (former),2000,3643996,3795544,-151548
Sudan (former),2001,3201596,4207249,-1005653
Sudan (former),2002,3645599,4601702,-956103
Sudan (former),2003,4435492,4766520,-331028
Sudan (former),2004,5653029,7071317,-1418288
Sudan (former),2005,6658254,11026140,-4367886
Sudan (former),2006,7230804,14078116,-6847312
Sudan (former),2007,10250028,14269774,-4019746
Sudan (former),2008,13778976,17264557,-3485581
Sudan (former),2009,10497759,17219097,-6721338
Sudan (former),2010,13321668,18216605,-4894937
Sudan (former),2011,11898684,19520556,-7621872
Sudan (former),2012,0,0,0
Sudan (former),2013,0,0,0
Sudan (former),2014,0,0,0
Sudan (former),2015,0,0,0
Sudan (former),2016,0,0,0
Sudan (former),2017,0,0,0
Sudan (former),2018,0,0,0
Sudan (former),2019,0,0,0
Suriname,2000,802586,997770,-195184
Suriname,2001,807823,992212,-184389
Suriname,2002,680765,1011500,-330735
Suriname,2003,797565,1202672,-405107
Suriname,2004,941533,1297245,-355712
Suriname,2005,1057516,1550322,-492806
Suriname,2006,1350088,1602065,-251977
Suriname,2007,1723181,2016501,-293320
Suriname,2008,2012040,2139701,-127661
Suriname,2009,1670305,2268454,-598149
Suriname,2010,2499811,2363565,136246
Suriname,2011,3157263,2718850,438413
Suriname,2012,3235865,3297105,-61240
Suriname,2013,2918089,3576079,-657990
Suriname,2014,2864277,3202145,-337868
Suriname,2015,2078607,3204228,-1125621
Suriname,2016,1993053,2183851,-190798
Suriname,2017,596884,960865,-363981
Suriname,2018,596804,802667,-205863
Suriname,2019,722962,955154,-232192
Sweden,2000,95779230,91593756,4185474
Sweden,2001,84859401,82663256,2196145
Sweden,2002,92237665,89395666,2841999
Sweden,2003,115564082,111456317,4107765
Sweden,2004,139075816,132502520,6573296
Sweden,2005,148259931,145353482,2906449
Sweden,2006,166310939,164511826,1799113
Sweden,2007,191970714,197391501,-5420787
Sweden,2008,210473590,223490715,-13017125
Sweden,2009,152696098,166580177,-13884079
Sweden,2010,182372941,198311292,-15938351
Sweden,2011,213949414,235479024,-21529610
Sweden,2012,200447805,222155754,-21707949
Sweden,2013,197546208,221554338,-24008130
Sweden,2014,195172475,225774106,-30601631
Sweden,2015,165545456,192389909,-26844453
Sweden,2016,164481711,196189271,-31707560
Sweden,2017,27158690,58598145,-31439455
Sweden,2018,27354569,61191439,-33836870
Sweden,2019,27494365,58210957,-30716592
Switzerland,2000,90798937,105598582,-14799645
Switzerland,2001,92363374,107050669,-14687295
Switzerland,2002,99069165,108974050,-9904885
Switzerland,2003,113714577,126460934,-12746357
Switzerland,2004,138545265,148515346,-9970081
Switzerland,2005,147952551,160632191,-12679640
Switzerland,2006,168211163,177862106,-9650943
Switzerland,2007,198265127,204030780,-5765653
Switzerland,2008,234764687,235103406,-338719
Switzerland,2009,206066944,203425332,2641612
Switzerland,2010,231724780,226342026,5382754
Switzerland,2011,277779789,266785783,10994006
Switzerland,2012,268036540,252746099,15290441
Switzerland,2013,274766527,259540257,15226270
Switzerland,2014,358355537,335287637,23067900
Switzerland,2015,333408256,307632675,25775581
Switzerland,2016,346582764,324633374,21949390
Switzerland,2017,45247586,56681326,-11433740
Switzerland,2018,47186033,58952971,-11766938
Switzerland,2019,46817374,57666305,-10848931
Syrian Arab Republic,2000,7760807,8000516,-239709
Syrian Arab Republic,2001,9120907,7990952,1129955
Syrian Arab Republic,2002,11058094,8649504,2408590
Syrian Arab Republic,2003,9552556,9726348,-173792
Syrian Arab Republic,2004,11425319,13549786,-2124467
Syrian Arab Republic,2005,12192653,17518925,-5326272
Syrian Arab Republic,2006,18222296,17236896,985400
Syrian Arab Republic,2007,21436894,23603274,-2166380
Syrian Arab Republic,2008,27500223,30492918,-2992695
Syrian Arab Republic,2009,22172988,32214887,-10041899
Syrian Arab Republic,2010,24524508,35002352,-10477844
Syrian Arab Republic,2011,14000611,35203597,-21202986
Syrian Arab Republic,2012,6874771,18741212,-11866441
Syrian Arab Republic,2013,5367552,19700168,-14332616
Syrian Arab Republic,2014,4366905,21773569,-17406664
Syrian Arab Republic,2015,3072272,14943272,-11871000
Syrian Arab Republic,2016,3778694,13707170,-9928476
Syrian Arab Republic,2017,2612879,8601624,-5988745
Syrian Arab Republic,2018,2305849,9456525,-7150676
Syrian Arab Republic,2019,2217841,10460897,-8243056
Tajikistan,2000,1391447,1258036,133411
Tajikistan,2001,1108527,1175968,-67441
Tajikistan,2002,1507092,1316537,190555
Tajikistan,2003,1882351,1468723,413628
Tajikistan,2004,2027445,2082211,-54766
Tajikistan,2005,1894210,2496656,-602446
Tajikistan,2006,2267891,3118148,-850257
Tajikistan,2007,2649764,4091969,-1442205
Tajikistan,2008,2476810,5058049,-2581239
Tajikistan,2009,1871537,4694646,-2823109
Tajikistan,2010,2322035,4886161,-2564126
Tajikistan,2011,2092631,5693398,-3600767
Tajikistan,2012,2067951,6732646,-4664695
Tajikistan,2013,1802670,7001192,-5198522
Tajikistan,2014,1612486,8185902,-6573416
Tajikistan,2015,1634155,6597658,-4963503
Tajikistan,2016,1443873,5851615,-4407742
Tajikistan,2017,598545,3007616,-2409071
Tajikistan,2018,497130,2931653,-2434523
Tajikistan,2019,593021,3521021,-2928000
Thailand,2000,105591848,75737623,29854225
Thailand,2001,100934064,74477475,26456589
Thailand,2002,107593182,77549079,30044103
Thailand,2003,130119412,91220875,38898537
Thailand,2004,156849675,112118599,44731076
Thailand,2005,172285747,138235773,34049974
Thailand,2006,205511193,146629589,58881604
Thailand,2007,243818287,164513157,79305130
Thailand,2008,300795922,213777670,87018252
Thailand,2009,258030702,162146263,95884439
Thailand,2010,326843224,218493149,108350075
Thailand,2011,410191965,275718927,134473038
Thailand,2012,389193379,302326033,86867346
Thailand,2013,385863327,302954132,82909195
Thailand,2014,386427787,279663412,106764375
Thailand,2015,360694791,255684687,105010104
Thailand,2016,358408105,247108334,111299771
Thailand,2017,166070484,53498069,112572415
Thailand,2018,170667931,57466218,113201713
Thailand,2019,166652322,55003022,111649300
Timor-Leste,2000,63275,325725,-262450
Timor-Leste,2001,72635,394237,-321602
Timor-Leste,2002,115315,363594,-248279
Timor-Leste,2003,123435,364302,-240867
Timor-Leste,2004,142939,301969,-159030
Timor-Leste,2005,84572,273128,-188556
Timor-Leste,2006,92823,324404,-231581
Timor-Leste,2007,50115,349906,-299791
Timor-Leste,2008,88165,492356,-404191
Timor-Leste,2009,61945,580242,-518297
Timor-Leste,2010,101603,615349,-513746
Timor-Leste,2011,82620,868425,-785805
Timor-Leste,2012,102798,1396948,-1294150
Timor-Leste,2013,116955,1648258,-1531303
Timor-Leste,2014,100538,2106668,-2006130
Timor-Leste,2015,101354,1343107,-1241753
Timor-Leste,2016,99021,1534101,-1435080
Timor-Leste,2017,132072,871039,-738967
Timor-Leste,2018,116578,934360,-817782
Timor-Leste,2019,97529,781096,-683567
Togo,2000,744135,785604,-41469
Togo,2001,847659,882688,-35029
Togo,2002,848665,1005073,-156408
Togo,2003,1242474,1205724,36750
Togo,2004,1241535,1386003,-144468
Togo,2005,1073416,1335796,-262380
Togo,2006,1645133,2291625,-646492
Togo,2007,1714038,1930999,-216961
Togo,2008,1994578,2139632,-145054
Togo,2009,2732706,2461843,270863
Togo,2010,2267772,2622466,-354694
Togo,2011,4193172,2634489,1558683
Togo,2012,2413831,3142609,-728778
Togo,2013,2410615,3478822,-1068207
Togo,2014,2333902,3638559,-1304657
Togo,2015,2108027,3505325,-1397298
Togo,2016,1994423,3294541,-1300118
Togo,2017,1164918,1301709,-136791
Togo,2018,1283864,1602663,-318799
Togo,2019,1381986,1568981,-186995
Tonga,2000,43322,189544,-146222
Tonga,2001,49668,186217,-136549
Tonga,2002,54680,211106,-156426
Tonga,2003,71611,218485,-146874
Tonga,2004,70599,257624,-187025
Tonga,2005,42492,286298,-243806
Tonga,2006,34021,270737,-236716
Tonga,2007,42892,380607,-337715
Tonga,2008,29438,341418,-311980
Tonga,2009,20535,312046,-291511
Tonga,2010,19093,369368,-350275
Tonga,2011,52353,383300,-330947
Tonga,2012,46582,473822,-427240
Tonga,2013,51815,486850,-435035
Tonga,2014,53652,500266,-446614
Tonga,2015,43460,473028,-429568
Tonga,2016,54113,490401,-436288
Tonga,2017,40021,265276,-225255
Tonga,2018,30160,312685,-282525
Tonga,2019,35603,301555,-265952
Trinidad and Tobago,2000,5366402,4826175,540227
Trinidad and Tobago,2001,5361452,5202705,158747
Trinidad and Tobago,2002,4958919,5216316,-257397
Trinidad and Tobago,2003,6239877,5645399,594478
Trinidad and Tobago,2004,7437652,6859400,578252
Trinidad and Tobago,2005,11009701,8008409,3001292
Trinidad and Tobago,2006,13695852,7838624,5857228
Trinidad and Tobago,2007,14983655,10516789,4466866
Trinidad and Tobago,2008,19779289,13114859,6664430
Trinidad and Tobago,2009,10497206,10138205,359001
Trinidad and Tobago,2010,12221780,9856456,2365324
Trinidad and Tobago,2011,15799088,13459348,2339740
Trinidad and Tobago,2012,14070134,13353170,716964
Trinidad and Tobago,2013,13921329,13460988,460341
Trinidad and Tobago,2014,15770741,16198385,-427644
Trinidad and Tobago,2015,12725813,14496936,-1771123
Trinidad and Tobago,2016,8968878,12422964,-3454086
Trinidad and Tobago,2017,1278564,4410998,-3132434
Trinidad and Tobago,2018,979422,4223525,-3244103
Trinidad and Tobago,2019,1370307,4231632,-2861325
Tunisia,2000,7741260,12073682,-4332422
Tunisia,2001,8659062,13496317,-4837255
Tunisia,2002,8698984,14265871,-5566887
Tunisia,2003,10166992,15380733,-5213741
Tunisia,2004,13876653,18195388,-4318735
Tunisia,2005,14770344,18547757,-3777413
Tunisia,2006,17083365,20550149,-3466784
Tunisia,2007,20682605,27893035,-7210430
Tunisia,2008,26197731,36555272,-10357541
Tunisia,2009,19915756,26729599,-6813843
Tunisia,2010,21695248,32329973,-10634725
Tunisia,2011,25189805,36949912,-11760107
Tunisia,2012,23635542,36999531,-13363989
Tunisia,2013,23895867,36727554,-12831687
Tunisia,2014,22634925,36279513,-13644588
Tunisia,2015,23439711,31037867,-7598156
Tunisia,2016,19952223,29842769,-9890546
Tunisia,2017,6697612,10830357,-4132745
Tunisia,2018,9076463,11050723,-1974260
Tunisia,2019,6944317,10583739,-3639422
Turkey,2000,44900474,69622548,-24722074
Turkey,2001,50603858,52563274,-1959416
Turkey,2002,52665673,65862646,-13196973
Turkey,2003,70375221,89144440,-18769219
Turkey,2004,91896835,119526852,-27630017
Turkey,2005,110591188,139715504,-29124316
Turkey,2006,115847821,164196549,-48348728
Turkey,2007,138891536,204825160,-65933624
Turkey,2008,182632171,250984280,-68352109
Turkey,2009,152466363,176695056,-24228693
Turkey,2010,171028985,232958319,-61929334
Turkey,2011,202869408,305093996,-102224588
Turkey,2012,223565357,294645465,-71080108
Turkey,2013,230770398,314086844,-83316446
Turkey,2014,242653522,311277388,-68623866
Turkey,2015,223003181,266178379,-43175198
Turkey,2016,218524933,255661849,-37136916
Turkey,2017,78914388,66631962,12282426
Turkey,2018,82228885,65018693,17210192
Turkey,2019,91811935,76618219,15193716
Turkmenistan,2000,3349428,2266523,1082905
Turkmenistan,2001,3464230,2681572,782658
Turkmenistan,2002,3438885,2536276,902609
Turkmenistan,2003,4455788,3042830,1412958
Turkmenistan,2004,4292159,3690104,602055
Turkmenistan,2005,5835109,4090494,1744615
Turkmenistan,2006,7215863,4473388,2742475
Turkmenistan,2007,9893290,5038381,4854909
Turkmenistan,2008,12533305,7099309,5433996
Turkmenistan,2009,5565425,7811703,-2246278
Turkmenistan,2010,7590572,7138039,452533
Turkmenistan,2011,13822226,9393905,4428321
Turkmenistan,2012,17159501,11887412,5272089
Turkmenistan,2013,19612594,12133686,7478908
Turkmenistan,2014,19633923,14438807,5195116
Turkmenistan,2015,11708443,10254250,1454193
Turkmenistan,2016,8344499,7561439,783060
Turkmenistan,2017,1099773,2779313,-1679540
Turkmenistan,2018,915841,2321442,-1405601
Turkmenistan,2019,332708,1813867,-1481159
Tuvalu,2000,640,20173,-19533
Tuvalu,2001,810,19587,-18777
Tuvalu,2002,1295,42583,-41288
Tuvalu,2003,1510,34667,-33157
Tuvalu,2004,1420,38399,-36979
Tuvalu,2005,1680,48659,-46979
Tuvalu,2006,1700,48498,-46798
Tuvalu,2007,1900,59916,-58016
Tuvalu,2008,200,43663,-43463
Tuvalu,2009,300,33635,-33335
Tuvalu,2010,300,35870,-35570
Tuvalu,2011,300,38821,-38521
Tuvalu,2012,300,51510,-51210
Tuvalu,2013,300,38307,-38007
Tuvalu,2014,7476,54922,-47446
Tuvalu,2015,38309,63265,-24956
Tuvalu,2016,43716,52458,-8742
Tuvalu,2017,75,26096,-26021
Tuvalu,2018,180,28438,-28258
Tuvalu,2019,18,28334,-28316
Uganda,2000,1721068,2130500,-409432
Uganda,2001,1116841,1891021,-774180
Uganda,2002,1663209,1821273,-158064
Uganda,2003,1118816,2398467,-1279651
Uganda,2004,2494359,3505427,-1011068
Uganda,2005,3031848,3755394,-723546
Uganda,2006,3383323,4387368,-1004045
Uganda,2007,4837788,5662823,-825035
Uganda,2008,5926930,7362546,-1435616
Uganda,2009,5245759,6753731,-1507972
Uganda,2010,5590995,7299361,-1708366
Uganda,2011,7763660,9077185,-1313525
Uganda,2012,8104241,10066617,-1962376
Uganda,2013,8691477,9319964,-628487
Uganda,2014,8271022,10128906,-1857884
Uganda,2015,8464182,8822561,-358379
Uganda,2016,8525427,8007069,518358
Uganda,2017,7774857,4125739,3649118
Uganda,2018,7825432,3920057,3905375
Uganda,2019,6894286,3980790,2913496
Ukraine,2000,22382248,18527447,3854801
Ukraine,2001,24988809,20614593,4374216
Ukraine,2002,29570970,22222420,7348550
Ukraine,2003,35716045,32751025,2965020
Ukraine,2004,50375027,43966070,6408957
Ukraine,2005,58959636,56016103,2943533
Ukraine,2006,71173966,73739924,-2565958
Ukraine,2007,78086709,77755199,331510
Ukraine,2008,117953195,112924802,5028393
Ukraine,2009,84300963,66360014,17940949
Ukraine,2010,86328910,78732503,7596407
Ukraine,2011,127735405,109931604,17803801
Ukraine,2012,152539142,116948109,35591033
Ukraine,2013,143814354,111574496,32239858
Ukraine,2014,135548956,79854237,55694719
Ukraine,2015,109106642,52391031,56715611
Ukraine,2016,110738411,55358495,55379916
Ukraine,2017,86291700,17796150,68495550
Ukraine,2018,90388114,20917605,69470509
Ukraine,2019,96205037,27053169,69151868
United Arab Emirates,2000,87664814,47753394,39911420
United Arab Emirates,2001,84431603,51632372,32799231
United Arab Emirates,2002,91256683,60242659,31014024
United Arab Emirates,2003,95789234,72099609,23689625
United Arab Emirates,2004,96966708,95304821,1661887
United Arab Emirates,2005,126361163,97957197,28403966
United Arab Emirates,2006,147152847,128414733,18738114
United Arab Emirates,2007,193748661,171622110,22126551
United Arab Emirates,2008,255986498,230498789,25487709
United Arab Emirates,2009,204808867,200163567,4645300
United Arab Emirates,2010,232863384,222157701,10705683
United Arab Emirates,2011,317648685,269619095,48029590
United Arab Emirates,2012,364001084,291499532,72501552
United Arab Emirates,2013,399437879,329087781,70350098
United Arab Emirates,2014,389365678,372252075,17113603
United Arab Emirates,2015,335246562,342972023,-7725461
United Arab Emirates,2016,328728478,348533308,-19804830
United Arab Emirates,2017,33089973,85733349,-52643376
United Arab Emirates,2018,55386154,84309992,-28923838
United Arab Emirates,2019,59835719,83918716,-24082997
United Kingdom of Great Britain and Northern Ireland,2000,364153189,468591177,-104437988
United Kingdom of Great Britain and Northern Ireland,2001,334749883,461559066,-126809183
United Kingdom of Great Britain and Northern Ireland,2002,349279084,487258631,-137979547
United Kingdom of Great Britain and Northern Ireland,2003,386641243,568711871,-182070628
United Kingdom of Great Britain and Northern Ireland,2004,448130695,670380531,-222249836
United Kingdom of Great Britain and Northern Ireland,2005,487916801,721846735,-233929934
United Kingdom of Great Britain and Northern Ireland,2006,542220774,829960336,-287739562
United Kingdom of Great Britain and Northern Ireland,2007,548537957,882053791,-333515834
United Kingdom of Great Britain and Northern Ireland,2008,579118452,915418860,-336300408
United Kingdom of Great Britain and Northern Ireland,2009,460024665,765296767,-305272102
United Kingdom of Great Britain and Northern Ireland,2010,532635619,847428263,-314792644
United Kingdom of Great Britain and Northern Ireland,2011,641495577,962341651,-320846074
United Kingdom of Great Britain and Northern Ireland,2012,610847107,981204430,-370357323
United Kingdom of Great Britain and Northern Ireland,2013,682689021,958670837,-275981816
United Kingdom of Great Britain and Northern Ireland,2014,650564661,992247678,-341683017
United Kingdom of Great Britain and Northern Ireland,2015,590948918,902582777,-311633859
United Kingdom of Great Britain and Northern Ireland,2016,535253952,898282761,-363028809
United Kingdom of Great Britain and Northern Ireland,2017,130268640,273395905,-143127265
United Kingdom of Great Britain and Northern Ireland,2018,139616576,287768535,-148151959
United Kingdom of Great Britain and Northern Ireland,2019,137491156,278810834,-141319678
United Republic of Tanzania,2000,2835991,3129326,-293335
United Republic of Tanzania,2001,2676051,3218450,-542399
United Republic of Tanzania,2002,2401161,2824747,-423586
United Republic of Tanzania,2003,3047515,3529154,-481639
United Republic of Tanzania,2004,3763586,4788079,-1024493
United Republic of Tanzania,2005,4170201,4919323,-749122
United Republic of Tanzania,2006,4102945,6815696,-2712751
United Republic of Tanzania,2007,5233475,8444844,-3211369
United Republic of Tanzania,2008,7558819,10658353,-3099534
United Republic of Tanzania,2009,6939686,9232619,-2292933
United Republic of Tanzania,2010,8737902,11743446,-3005544
United Republic of Tanzania,2011,9406033,15959449,-6553416
United Republic of Tanzania,2012,13076829,17408641,-4331812
United Republic of Tanzania,2013,11458410,17218181,-5759771
United Republic of Tanzania,2014,16060752,17726052,-1665300
United Republic of Tanzania,2015,14415502,14773347,-357845
United Republic of Tanzania,2016,13063032,13268011,-204979
United Republic of Tanzania,2017,7351319,3767836,3583483
United Republic of Tanzania,2018,4585663,2862922,1722741
United Republic of Tanzania,2019,7073418,5755644,1317774
United States of America,2000,1054052323,1473655070,-419602747
United States of America,2001,1005272376,1395098826,-389826450
United States of America,2002,964898710,1417756258,-452857548
United States of America,2003,1030384196,1514840109,-484455913
United States of America,2004,1132612469,1814186104,-681573635
United States of America,2005,1225570613,1988993393,-763422780
United States of America,2006,1387725599,2211045050,-823319451
United States of America,2007,1620419592,2403046395,-782626803
United States of America,2008,1886561235,2589797544,-703236309
United States of America,2009,1561003558,1983259675,-422256117
United States of America,2010,1875674605,2398920563,-523245958
United States of America,2011,2181892464,2780446107,-598553643
United States of America,2012,2268587023,2845000687,-576413664
United States of America,2013,2311570081,2876646845,-565076764
United States of America,2014,2365339379,2967803474,-602464095
United States of America,2015,2163574832,2910153041,-746578209
United States of America,2016,2122842075,2852945774,-730103699
United States of America,2017,689402593,636770644,52631949
United States of America,2018,697443730,677011486,20432244
United States of America,2019,681115565,693781832,-12666267
Uruguay,2000,7286220,5421580,1864640
Uruguay,2001,6383802,4804052,1579750
Uruguay,2002,6692423,3449374,3243049
Uruguay,2003,8276756,3697340,4579416
Uruguay,2004,10977358,4591769,6385589
Uruguay,2005,12864560,5500436,7364124
Uruguay,2006,15186295,6741769,8444526
Uruguay,2007,16995710,8017434,8978276
Uruguay,2008,23920063,12530417,11389646
Uruguay,2009,23213625,10253011,12960614
Uruguay,2010,28262587,12601880,15660707
Uruguay,2011,33291928,16443864,16848064
Uruguay,2012,39451631,16926090,22525541
Uruguay,2013,41917376,17990538,23926838
Uruguay,2014,39692553,17133410,22559143
Uruguay,2015,31911293,15310086,16601207
Uruguay,2016,29786075,13351916,16434159
Uruguay,2017,25563949,5397469,20166480
Uruguay,2018,23029928,6315008,16714920
Uruguay,2019,26228773,5919070,20309703
USSR,2000,0,0,0
USSR,2001,0,0,0
USSR,2002,0,0,0
USSR,2003,0,0,0
USSR,2004,0,0,0
USSR,2005,0,0,0
USSR,2006,0,0,0
USSR,2007,0,0,0
USSR,2008,0,0,0
USSR,2009,0,0,0
USSR,2010,0,0,0
USSR,2011,0,0,0
USSR,2012,0,0,0
USSR,2013,0,0,0
USSR,2014,0,0,0
USSR,2015,0,0,0
USSR,2016,0,0,0
USSR,2017,0,0,0
USSR,2018,0,0,0
USSR,2019,0,0,0
Uzbekistan,2000,7889297,4792901,3096396
Uzbekistan,2001,7847789,4367494,3480295
Uzbekistan,2002,7230448,3985424,3245024
Uzbekistan,2003,7934596,3914674,4019922
Uzbekistan,2004,11780153,5093312,6686841
Uzbekistan,2005,12962104,5755944,7206160
Uzbekistan,2006,14750660,6123518,8627142
Uzbekistan,2007,15973681,9331378,6642303
Uzbekistan,2008,14245501,13381064,864437
Uzbekistan,2009,13872491,12688060,1184431
Uzbekistan,2010,18121930,12674202,5447728
Uzbekistan,2011,20057232,16371461,3685771
Uzbekistan,2012,17193355,18014075,-820720
Uzbekistan,2013,18753441,19288230,-534789
Uzbekistan,2014,16767298,21484407,-4717109
Uzbekistan,2015,15058613,18575337,-3516724
Uzbekistan,2016,13558466,17528579,-3970113
Uzbekistan,2017,6981049,6078702,902347
Uzbekistan,2018,6824979,7703658,-878679
Uzbekistan,2019,8307937,9440222,-1132285
Vanuatu,2000,94428,168016,-73588
Vanuatu,2001,56132,179902,-123770
Vanuatu,2002,56425,167056,-110631
Vanuatu,2003,62823,170904,-108081
Vanuatu,2004,124617,232404,-107787
Vanuatu,2005,110084,276025,-165941
Vanuatu,2006,131854,341899,-210045
Vanuatu,2007,117342,405743,-288401
Vanuatu,2008,208560,590119,-381559
Vanuatu,2009,189175,566444,-377269
Vanuatu,2010,205721,595904,-390183
Vanuatu,2011,267741,656006,-388265
Vanuatu,2012,231380,641868,-410488
Vanuatu,2013,161805,628310,-466505
Vanuatu,2014,133926,669366,-535440
Vanuatu,2015,122823,695224,-572401
Vanuatu,2016,180714,752394,-571680
Vanuatu,2017,147763,400917,-253154
Vanuatu,2018,103541,336896,-233355
Vanuatu,2019,94571,345328,-250757
Venezuela (Bolivarian Republic of),2000,33029630,23129473,9900157
Venezuela (Bolivarian Republic of),2001,26846181,25888417,957764
Venezuela (Bolivarian Republic of),2002,27241898,19246985,7994913
Venezuela (Bolivarian Republic of),2003,24940894,17908258,7032636
Venezuela (Bolivarian Republic of),2004,34935263,28670959,6264304
Venezuela (Bolivarian Republic of),2005,53720208,34888265,18831943
Venezuela (Bolivarian Republic of),2006,60097892,48544846,11553046
Venezuela (Bolivarian Republic of),2007,69969966,68992406,977560
Venezuela (Bolivarian Republic of),2008,95569782,95217770,352012
Venezuela (Bolivarian Republic of),2009,57880024,77414379,-19534355
Venezuela (Bolivarian Republic of),2010,65983666,69762343,-3778677
Venezuela (Bolivarian Republic of),2011,92999278,82666273,10333005
Venezuela (Bolivarian Republic of),2012,97488993,102268619,-4779626
Venezuela (Bolivarian Republic of),2013,89216400,104813724,-15597324
Venezuela (Bolivarian Republic of),2014,74835393,95280407,-20445014
Venezuela (Bolivarian Republic of),2015,37534963,64595876,-27060913
Venezuela (Bolivarian Republic of),2016,26807040,38904407,-12097367
Venezuela (Bolivarian Republic of),2017,109748,20883656,-20773908
Venezuela (Bolivarian Republic of),2018,61400,19273958,-19212558
Venezuela (Bolivarian Republic of),2019,705524,9156787,-8451263
Viet Nam,2000,26556587,21897811,4658776
Viet Nam,2001,25683348,22135425,3547923
Viet Nam,2002,27952942,25951559,2001383
Viet Nam,2003,34591283,32198199,2393084
Viet Nam,2004,44011494,40961223,3050271
Viet Nam,2005,51851925,47773141,4078784
Viet Nam,2006,62524370,59767400,2756970
Viet Nam,2007,78174050,84199915,-6025865
Viet Nam,2008,103876058,108377295,-4501237
Viet Nam,2009,96123233,101931727,-5808494
Viet Nam,2010,127642844,128007453,-364609
Viet Nam,2011,169531352,164967344,4564008
Viet Nam,2012,190956949,177813361,13143588
Viet Nam,2013,184556209,201952853,-17396644
Viet Nam,2014,236249681,211611445,24638236
Viet Nam,2015,245918311,236252981,9665330
Viet Nam,2016,264032129,251827897,12204232
Viet Nam,2017,99135363,89060334,10075029
Viet Nam,2018,96904433,98587602,-1683169
Viet Nam,2019,94101378,98519273,-4417895
Yemen,2000,4390481,6051759,-1661278
Yemen,2001,3722709,6210207,-2487498
Yemen,2002,3730994,7576657,-3845663
Yemen,2003,4253934,8739134,-4485200
Yemen,2004,5160518,9269017,-4108499
Yemen,2005,7081848,11638642,-4556794
Yemen,2006,7981728,12932752,-4951024
Yemen,2007,7984922,18629897,-10644975
Yemen,2008,8530628,23150058,-14619430
Yemen,2009,7184095,21275359,-14091264
Yemen,2010,8984133,21676506,-12692373
Yemen,2011,12188652,25083747,-12895095
Yemen,2012,9261552,30632797,-21371245
Yemen,2013,10348527,31023392,-20674865
Yemen,2014,9148752,35052750,-25903998
Yemen,2015,2899193,21435984,-18536791
Yemen,2016,1083804,20757646,-19673842
Yemen,2017,1219401,14676660,-13457259
Yemen,2018,993823,11279706,-10285883
Yemen,2019,959915,12801296,-11841381
Yugoslav SFR,2000,0,0,0
Yugoslav SFR,2001,0,0,0
Yugoslav SFR,2002,0,0,0
Yugoslav SFR,2003,0,0,0
Yugoslav SFR,2004,0,0,0
Yugoslav SFR,2005,0,0,0
Yugoslav SFR,2006,0,0,0
Yugoslav SFR,2007,0,0,0
Yugoslav SFR,2008,0,0,0
Yugoslav SFR,2009,0,0,0
Yugoslav SFR,2010,0,0,0
Yugoslav SFR,2011,0,0,0
Yugoslav SFR,2012,0,0,0
Yugoslav SFR,2013,0,0,0
Yugoslav SFR,2014,0,0,0
Yugoslav SFR,2015,0,0,0
Yugoslav SFR,2016,0,0,0
Yugoslav SFR,2017,0,0,0
Yugoslav SFR,2018,0,0,0
Yugoslav SFR,2019,0,0,0
Zambia,2000,1034092,1359868,-325776
Zambia,2001,1454975,1799280,-344305
Zambia,2002,1518887,1779112,-260225
Zambia,2003,1664695,2479399,-814704
Zambia,2004,3243305,2938787,304518
Zambia,2005,3267704,3434941,-167237
Zambia,2006,5212940,4214536,998404
Zambia,2007,6391924,4860912,1531012
Zambia,2008,6685830,6323416,362414
Zambia,2009,6056638,4940585,1116053
Zambia,2010,9381450,6427502,2953948
Zambia,2011,12473196,8781979,3691217
Zambia,2012,15507270,10944602,4562668
Zambia,2013,16240060,12001141,4238919
Zambia,2014,13213778,11585928,1627850
Zambia,2015,9769807,9716476,53331
Zambia,2016,9355655,9222116,133539
Zambia,2017,2888811,1785395,1103416
Zambia,2018,2767613,1912626,854987
Zambia,2019,2605552,2004263,601289
Zimbabwe,2000,6757390,2521103,4236287
Zimbabwe,2001,4955607,2084394,2871213
Zimbabwe,2002,4062749,3008405,1054344
Zimbabwe,2003,4544215,2774273,1769942
Zimbabwe,2004,5239511,4392688,846823
Zimbabwe,2005,3438285,3999643,-561358
Zimbabwe,2006,4836849,8310434,-3473585
Zimbabwe,2007,4604336,5147625,-543289
Zimbabwe,2008,4514799,6116690,-1601891
Zimbabwe,2009,6176189,7298362,-1122173
Zimbabwe,2010,6467854,12090865,-5623011
Zimbabwe,2011,8421404,10459059,-2037655
Zimbabwe,2012,9206236,11051717,-1845481
Zimbabwe,2013,8567608,9529834,-962226
Zimbabwe,2014,8693088,8846648,-153560
Zimbabwe,2015,7884806,8902243,-1017437
Zimbabwe,2016,7803601,8815367,-1011766
Zimbabwe,2017,4203697,3609705,593992
Zimbabwe,2018,4739730,3633776,1105954
Zimbabwe,2019,4408035,1907059,2500976
China (excluding intra-trade),2000,57034285,99251008,-42216723
China (excluding intra-trade),2001,54417869,103648931,-49231062
China (excluding intra-trade),2002,60275502,100999607,-40724105
China (excluding intra-trade),2003,70832389,137262990,-66430601
China (excluding intra-trade),2004,70161059,183924787,-113763728
China (excluding intra-trade),2005,84227383,184801797,-100574414
China (excluding intra-trade),2006,92702265,209877985,-117175720
China (excluding intra-trade),2007,111961693,226700415,-114738722
China (excluding intra-trade),2008,119051892,324800440,-205748548
China (excluding intra-trade),2009,121376859,325125609,-203748750
China (excluding intra-trade),2010,151408766,445045665,-293636899
China (excluding intra-trade),2011,184069749,582361984,-398292235
China (excluding intra-trade),2012,186709963,654534011,-467824048
China (excluding intra-trade),2013,198401679,683821588,-485419909
China (excluding intra-trade),2014,208051762,697500505,-489448743
China (excluding intra-trade),2015,208147614,644408885,-436261271
China (excluding intra-trade),2016,209620291,622947975,-413327684
China (excluding intra-trade),2017,235305193,729499909,-494194716
China (excluding intra-trade),2018,250077485,759854350,-509776865
China (excluding intra-trade),2019,254555006,806016900,-551461894
World,2000,8364778813,8609018685,-244239872
World,2001,8102236386,8391813457,-289577071
World,2002,8554158012,8780277504,-226119492
World,2003,10031942870,10278582395,-246639525
World,2004,12011877228,12428931128,-417053900
World,2005,13496986967,13853592743,-356605776
World,2006,15381570669,15914431065,-532860396
World,2007,18168649062,18555187606,-386538544
World,2008,21269898337,21804250277,-534351940
World,2009,17094113230,17422258169,-328144939
World,2010,20469611396,20715142633,-245531237
World,2011,24623837807,24895763638,-271925831
World,2012,24811749950,25073707511,-261957561
World,2013,25515102040,25645071956,-129969916
World,2014,25871082576,26072982905,-201900329
World,2015,22713356413,23109008075,-395651662
World,2016,22270980156,22599738549,-328758393
World,2017,6842572259,6989946788,-147374529
World,2018,7050554835,7275772389,-225217554
World,2019,7010059320,7214687174,-204627854
Africa,2000,218375095,224773657,-6398562
Africa,2001,202458007,234145289,-31687282
Africa,2002,214955486,244740960,-29785474
Africa,2003,266354463,286080022,-19725559
Africa,2004,329636135,349486256,-19850121
Africa,2005,408923842,411716904,-2793062
Africa,2006,469364417,472825016,-3460599
Africa,2007,555681218,594008279,-38327061
Africa,2008,710625445,775766781,-65141336
Africa,2009,555922959,675889583,-119966624
Africa,2010,679731857,770494878,-90763021
Africa,2011,811888681,955831647,-143942966
Africa,2012,843546505,1016794816,-173248311
Africa,2013,837132658,1053890055,-216757397
Africa,2014,818995407,1109752686,-290757279
Africa,2015,640622401,958576814,-317954413
Africa,2016,599023065,874533871,-275510806
Africa,2017,263958797,414716808,-150758011
Africa,2018,270349573,419881126,-149531553
Africa,2019,268188266,409850747,-141662481
Africa (excluding intra-trade),2000,41035124,63227316,-22192192
Africa (excluding intra-trade),2001,40267681,59468260,-19200579
Africa (excluding intra-trade),2002,42235464,72086556,-29851092
Africa (excluding intra-trade),2003,52669288,69801404,-17132116
Africa (excluding intra-trade),2004,58507153,81701639,-23194486
Africa (excluding intra-trade),2005,64235625,91051435,-26815810
Africa (excluding intra-trade),2006,58003200,85388832,-27385632
Africa (excluding intra-trade),2007,73372456,158006757,-84634301
Africa (excluding intra-trade),2008,81709734,165077229,-83367495
Africa (excluding intra-trade),2009,100791537,147342381,-46550844
Africa (excluding intra-trade),2010,92304624,98773335,-6468711
Africa (excluding intra-trade),2011,98951890,207057912,-108106022
Africa (excluding intra-trade),2012,91913291,172258754,-80345463
Africa (excluding intra-trade),2013,125844466,236524366,-110679900
Africa (excluding intra-trade),2014,151761019,317311460,-165550441
Africa (excluding intra-trade),2015,146815280,268696999,-121881719
Africa (excluding intra-trade),2016,142797778,260509571,-117711793
Africa (excluding intra-trade),2017,196726156,328454454,-131728298
Africa (excluding intra-trade),2018,202465351,330128240,-127662889
Africa (excluding intra-trade),2019,200843608,316226508,-115382900
Eastern Africa,2000,29088306,29498838,-410532
Eastern Africa,2001,26925068,29965634,-3040566
Eastern Africa,2002,27022510,30379649,-3357139
Eastern Africa,2003,32009806,37510369,-5500563
Eastern Africa,2004,37748433,42633858,-4885425
Eastern Africa,2005,42299151,52360156,-10061005
Eastern Africa,2006,49611140,64841522,-15230382
Eastern Africa,2007,58452580,73973272,-15520692
Eastern Africa,2008,68438935,98937201,-30498266
Eastern Africa,2009,66131878,93206082,-27074204
Eastern Africa,2010,80916750,106499246,-25582496
Eastern Africa,2011,93538235,130118534,-36580299
Eastern Africa,2012,100103521,140619296,-40515775
Eastern Africa,2013,112685401,156814979,-44129578
Eastern Africa,2014,121890505,183333203,-61442698
Eastern Africa,2015,109492790,174571552,-65078762
Eastern Africa,2016,97413357,164253793,-66840436
Eastern Africa,2017,65437542,77407440,-11969898
Eastern Africa,2018,61475038,75981722,-14506684
Eastern Africa,2019,63427788,72290174,-8862386
Eastern Africa (excluding intra-trade),2000,14433326,7729768,6703558
Eastern Africa (excluding intra-trade),2001,13884237,6965043,6919194
Eastern Africa (excluding intra-trade),2002,11653248,8300312,3352936
Eastern Africa (excluding intra-trade),2003,12778359,10481068,2297291
Eastern Africa (excluding intra-trade),2004,16530646,11053908,5476738
Eastern Africa (excluding intra-trade),2005,17635001,11612579,6022422
Eastern Africa (excluding intra-trade),2006,21500889,15822125,5678764
Eastern Africa (excluding intra-trade),2007,22604076,16072568,6531508
Eastern Africa (excluding intra-trade),2008,28320062,25437247,2882815
Eastern Africa (excluding intra-trade),2009,30688119,25360316,5327803
Eastern Africa (excluding intra-trade),2010,34630790,30068266,4562524
Eastern Africa (excluding intra-trade),2011,28694516,26504384,2190132
Eastern Africa (excluding intra-trade),2012,29506063,26400358,3105705
Eastern Africa (excluding intra-trade),2013,47662915,36896056,10766859
Eastern Africa (excluding intra-trade),2014,50439894,43464939,6974955
Eastern Africa (excluding intra-trade),2015,47507024,43296558,4210466
Eastern Africa (excluding intra-trade),2016,39175293,41684163,-2508870
Eastern Africa (excluding intra-trade),2017,54664302,63224306,-8560004
Eastern Africa (excluding intra-trade),2018,50097649,60093174,-9995525
Eastern Africa (excluding intra-trade),2019,50404474,50113509,290965
Middle Africa,2000,20712349,13463902,7248447
Middle Africa,2001,18876632,15695107,3181525
Middle Africa,2002,21577251,19006871,2570380
Middle Africa,2003,26256376,23044273,3212103
Middle Africa,2004,36523289,27593503,8929786
Middle Africa,2005,52984279,33158857,19825422
Middle Africa,2006,66946464,40182557,26763907
Middle Africa,2007,81004257,48683929,32320328
Middle Africa,2008,116946007,68623772,48322235
Middle Africa,2009,77268244,68788199,8480045
Middle Africa,2010,98145964,66081430,32064534
Middle Africa,2011,124950246,85196317,39753929
Middle Africa,2012,128339107,91699669,36639438
Middle Africa,2013,123778094,96300259,27477835
Middle Africa,2014,114437908,110371458,4066450
Middle Africa,2015,73492279,82668859,-9176580
Middle Africa,2016,62714475,62990509,-276034
Middle Africa,2017,6246680,33445911,-27199231
Middle Africa,2018,6261012,31238638,-24977626
Middle Africa,2019,6513731,30509915,-23996184
Middle Africa (excluding intra-trade),2000,1422858,1587717,-164859
Middle Africa (excluding intra-trade),2001,1689465,2073456,-383991
Middle Africa (excluding intra-trade),2002,1922817,1977411,-54594
Middle Africa (excluding intra-trade),2003,2333194,2139885,193309
Middle Africa (excluding intra-trade),2004,2673994,2952801,-278807
Middle Africa (excluding intra-trade),2005,2606765,3753764,-1146999
Middle Africa (excluding intra-trade),2006,2617283,3850663,-1233380
Middle Africa (excluding intra-trade),2007,2607466,6186741,-3579275
Middle Africa (excluding intra-trade),2008,3098900,8444072,-5345172
Middle Africa (excluding intra-trade),2009,3803189,5541956,-1738767
Middle Africa (excluding intra-trade),2010,4423530,4798534,-375004
Middle Africa (excluding intra-trade),2011,4407631,5026767,-619136
Middle Africa (excluding intra-trade),2012,4065726,7331486,-3265760
Middle Africa (excluding intra-trade),2013,75396,3107812,-3032416
Middle Africa (excluding intra-trade),2014,5060187,16406267,-11346080
Middle Africa (excluding intra-trade),2015,5617877,14608962,-8991085
Middle Africa (excluding intra-trade),2016,5119293,11795002,-6675709
Middle Africa (excluding intra-trade),2017,5350134,30150096,-24799962
Middle Africa (excluding intra-trade),2018,5002852,28815358,-23812506
Middle Africa (excluding intra-trade),2019,5721951,27962272,-22240321
Northern Africa,2000,66347855,100240714,-33892859
Northern Africa,2001,63030481,102635946,-39605465
Northern Africa,2002,63727444,105176694,-41449250
Northern Africa,2003,80639469,106218704,-25579235
Northern Africa,2004,104707002,134305509,-29598507
Northern Africa,2005,136528674,156843612,-20314938
Northern Africa,2006,164974403,174964458,-9990055
Northern Africa,2007,188563200,230668801,-42105601
Northern Africa,2008,248736337,311808538,-63072201
Northern Africa,2009,181034500,273394411,-92359911
Northern Africa,2010,209802124,311461952,-101659828
Northern Africa,2011,219787395,375481160,-155693765
Northern Africa,2012,245854551,403135253,-157280702
Northern Africa,2013,231216158,402590766,-171374608
Northern Africa,2014,198908261,415590944,-216682683
Northern Africa,2015,160096019,366480144,-206384125
Northern Africa,2016,151875040,337482908,-185607868
Northern Africa,2017,56291365,166779166,-110487801
Northern Africa,2018,60461471,176638809,-116177338
Northern Africa,2019,62327707,178465076,-116137369
Northern Africa (excluding intra-trade),2000,8057657,39753247,-31695590
Northern Africa (excluding intra-trade),2001,8374617,38963678,-30589061
Northern Africa (excluding intra-trade),2002,9419781,43645252,-34225471
Northern Africa (excluding intra-trade),2003,11439728,40299688,-28859960
Northern Africa (excluding intra-trade),2004,15903388,50595785,-34692397
Northern Africa (excluding intra-trade),2005,15962717,51116394,-35153677
Northern Africa (excluding intra-trade),2006,12163829,46510446,-34346617
Northern Africa (excluding intra-trade),2007,17995832,76820215,-58824383
Northern Africa (excluding intra-trade),2008,15502175,78891068,-63388893
Northern Africa (excluding intra-trade),2009,31384544,86484540,-55099996
Northern Africa (excluding intra-trade),2010,12668512,27367817,-14699305
Northern Africa (excluding intra-trade),2011,25376075,128578962,-103202887
Northern Africa (excluding intra-trade),2012,15004549,81383599,-66379050
Northern Africa (excluding intra-trade),2013,35087002,142511423,-107424421
Northern Africa (excluding intra-trade),2014,32088770,173345133,-141256363
Northern Africa (excluding intra-trade),2015,34899350,146436466,-111537116
Northern Africa (excluding intra-trade),2016,32225436,140014123,-107788687
Northern Africa (excluding intra-trade),2017,50582826,158466212,-107883386
Northern Africa (excluding intra-trade),2018,55438107,165352530,-109914423
Northern Africa (excluding intra-trade),2019,57000742,166869135,-109868393
Southern Africa,2000,47535521,45758131,1777390
Southern Africa,2001,46479320,42583671,3895649
Southern Africa,2002,47438136,44526942,2911194
Southern Africa,2003,59649191,60274681,-625490
Southern Africa,2004,73426340,78816950,-5390610
Southern Africa,2005,81839679,88516324,-6676645
Southern Africa,2006,89228470,104875531,-15647061
Southern Africa,2007,103897087,127543006,-23645919
Southern Africa,2008,120720072,144264430,-23544358
Southern Africa,2009,99670348,114207303,-14536955
Southern Africa,2010,125109361,139237262,-14127901
Southern Africa,2011,147827771,177567664,-29739893
Southern Africa,2012,150082750,188434195,-38351445
Southern Africa,2013,162797712,188455169,-25657457
Southern Africa,2014,160047887,183859557,-23811670
Southern Africa,2015,138104177,157003575,-18899398
Southern Africa,2016,135268589,147601423,-12332834
Southern Africa,2017,51213625,43077951,8135674
Southern Africa,2018,54417016,41933512,12483504
Southern Africa,2019,51284122,42323267,8960855
Southern Africa (excluding intra-trade),2000,10275360,6902272,3373088
Southern Africa (excluding intra-trade),2001,11110894,5795510,5315384
Southern Africa (excluding intra-trade),2002,10731019,6847275,3883744
Southern Africa (excluding intra-trade),2003,13841915,8897956,4943959
Southern Africa (excluding intra-trade),2004,14606137,11967697,2638440
Southern Africa (excluding intra-trade),2005,16698019,12042349,4655670
Southern Africa (excluding intra-trade),2006,15744153,14551986,1192167
Southern Africa (excluding intra-trade),2007,17994166,19670528,-1676362
Southern Africa (excluding intra-trade),2008,23711468,22356334,1355134
Southern Africa (excluding intra-trade),2009,23419800,19599084,3820716
Southern Africa (excluding intra-trade),2010,26266805,22187556,4079249
Southern Africa (excluding intra-trade),2011,29646930,29706622,-59692
Southern Africa (excluding intra-trade),2012,29074865,31151028,-2076163
Southern Africa (excluding intra-trade),2013,32842647,28184192,4658455
Southern Africa (excluding intra-trade),2014,33698865,26323120,7375745
Southern Africa (excluding intra-trade),2015,28334193,20799706,7534487
Southern Africa (excluding intra-trade),2016,29102229,26530837,2571392
Southern Africa (excluding intra-trade),2017,39031752,29155254,9876498
Southern Africa (excluding intra-trade),2018,41691001,28936558,12754443
Southern Africa (excluding intra-trade),2019,38218291,28348420,9869871
Western Africa,2000,54691052,35812069,18878983
Western Africa,2001,47146507,43264924,3881583
Western Africa,2002,55190141,45650803,9539338
Western Africa,2003,67799621,59031995,8767626
Western Africa,2004,77231071,66136436,11094635
Western Africa,2005,95272059,80837955,14434104
Western Africa,2006,98603940,87960948,10642992
Western Africa,2007,123764094,113139271,10624823
Western Africa,2008,155784094,152132840,3651254
Western Africa,2009,131817989,126293588,5524401
Western Africa,2010,165757658,147214992,18542666
Western Africa,2011,225785034,187467974,38317060
Western Africa,2012,219166576,192906400,26260176
Western Africa,2013,206655293,209728882,-3073589
Western Africa,2014,223710846,216597524,7113322
Western Africa,2015,159437136,177852684,-18415548
Western Africa,2016,151751604,162205238,-10453634
Western Africa,2017,84769585,94006340,-9236755
Western Africa,2018,87735036,94088445,-6353409
Western Africa,2019,84634918,86262315,-1627397
Western Africa (excluding intra-trade),2000,11217023,11067058,149965
Western Africa (excluding intra-trade),2001,11080945,9632757,1448188
Western Africa (excluding intra-trade),2002,14437755,16485423,-2047668
Western Africa (excluding intra-trade),2003,19131091,12308156,6822935
Western Africa (excluding intra-trade),2004,15580097,10240033,5340064
Western Africa (excluding intra-trade),2005,18814391,16994329,1820062
Western Africa (excluding intra-trade),2006,13987501,11038279,2949222
Western Africa (excluding intra-trade),2007,21558353,45874083,-24315730
Western Africa (excluding intra-trade),2008,25237951,39544037,-14306086
Western Africa (excluding intra-trade),2009,27302725,21720742,5581983
Western Africa (excluding intra-trade),2010,30317569,24035809,6281760
Western Africa (excluding intra-trade),2011,30035253,28406087,1629166
Western Africa (excluding intra-trade),2012,36537778,36049220,488558
Western Africa (excluding intra-trade),2013,36192793,37864776,-1671983
Western Africa (excluding intra-trade),2014,55295036,73219496,-17924460
Western Africa (excluding intra-trade),2015,51180938,57162453,-5981515
Western Africa (excluding intra-trade),2016,55453961,53052513,2401448
Western Africa (excluding intra-trade),2017,73041011,71527285,1513726
Western Africa (excluding intra-trade),2018,74972311,70724616,4247695
Western Africa (excluding intra-trade),2019,73180531,64778538,8401993
Americas,2000,1918164142,2224472770,-306308628
Americas,2001,1861897213,2130430447,-268533234
Americas,2002,1818212294,2132395920,-314183626
Americas,2003,1988750892,2279868971,-291118079
Americas,2004,2287772829,2706960132,-419187303
Americas,2005,2564096459,3012793417,-448696958
Americas,2006,2911467084,3399935326,-488468242
Americas,2007,3516476825,3927854848,-411378023
Americas,2008,4146134466,4415217067,-269082601
Americas,2009,3364480785,3411265618,-46784833
Americas,2010,4073386572,4150553357,-77166785
Americas,2011,4888328361,4875496479,12831882
Americas,2012,4993848410,5018828531,-24980121
Americas,2013,5090064380,5102078410,-12014030
Americas,2014,5121699387,5212884700,-91185313
Americas,2015,4615332750,4924178781,-308846031
Americas,2016,4522713141,4753356887,-230643746
Americas,2017,1898599436,1216399551,682199885
Americas,2018,1934583713,1285407715,649175998
Americas,2019,1933750441,1288465018,645285423
Americas (excluding intra-trade),2000,301955783,123423238,178532545
Americas (excluding intra-trade),2001,315315897,120963720,194352177
Americas (excluding intra-trade),2002,303708029,121988688,181719341
Americas (excluding intra-trade),2003,371384437,146685723,224698714
Americas (excluding intra-trade),2004,413928018,164565031,249362987
Americas (excluding intra-trade),2005,444196287,182635301,261560986
Americas (excluding intra-trade),2006,490504396,195227749,295276647
Americas (excluding intra-trade),2007,642588242,227422805,415165437
Americas (excluding intra-trade),2008,862420088,247214875,615205213
Americas (excluding intra-trade),2009,732917117,209236965,523680152
Americas (excluding intra-trade),2010,863126642,246217052,616909590
Americas (excluding intra-trade),2011,1071939983,300846739,771093244
Americas (excluding intra-trade),2012,1073199369,303010604,770188765
Americas (excluding intra-trade),2013,1095305753,309496130,785809623
Americas (excluding intra-trade),2014,1105473541,317657565,787815976
Americas (excluding intra-trade),2015,995595604,329808558,665787046
Americas (excluding intra-trade),2016,1002782570,329654371,673128199
Americas (excluding intra-trade),2017,1125969296,408791061,717178235
Americas (excluding intra-trade),2018,1127640643,436527292,691113351
Americas (excluding intra-trade),2019,1124311878,433458574,690853304
Northern America,2000,1405698049,1770248889,-364550840
Northern America,2001,1346260384,1675905410,-329645026
Northern America,2002,1294324103,1702566536,-408242433
Northern America,2003,1386847815,1824991180,-438143365
Northern America,2004,1548215632,2163126008,-614910376
Northern America,2005,1689006705,2386014971,-697008266
Northern America,2006,1892199836,2655842544,-763642708
Northern America,2007,2180714615,2903482332,-722767717
Northern America,2008,2519403008,3134898816,-615495808
Northern America,2009,2026651370,2432772534,-406121164
Northern America,2010,2429009938,2935112286,-506102348
Northern America,2011,2830021884,3395918299,-565896415
Northern America,2012,2933647461,3478954176,-545306715
Northern America,2013,2984053116,3514234307,-530181191
Northern America,2014,3067192200,3611731073,-544538873
Northern America,2015,2784803574,3502496560,-717692986
Northern America,2016,2719057106,3426970818,-707913712
Northern America,2017,906835636,801985371,104850265
Northern America,2018,921650552,847305744,74344808
Northern America,2019,900499921,865507522,34992399
Northern America (excluding intra-trade),2000,248436556,169035971,79400585
Northern America (excluding intra-trade),2001,249409064,165118173,84290891
Northern America (excluding intra-trade),2002,236420921,165472843,70948078
Northern America (excluding intra-trade),2003,270660982,204324968,66336014
Northern America (excluding intra-trade),2004,283816133,229913422,53902711
Northern America (excluding intra-trade),2005,286401653,253777244,32624409
Northern America (excluding intra-trade),2006,323183486,282485595,40697891
Northern America (excluding intra-trade),2007,420281359,311789026,108492333
Northern America (excluding intra-trade),2008,563078161,339497940,223580221
Northern America (excluding intra-trade),2009,460394586,309325058,151069528
Northern America (excluding intra-trade),2010,548405111,357380272,191024839
Northern America (excluding intra-trade),2011,655304358,431115059,224189299
Northern America (excluding intra-trade),2012,668950126,422623471,246326655
Northern America (excluding intra-trade),2013,669443201,448648017,220795184
Northern America (excluding intra-trade),2014,700435656,452723725,247711931
Northern America (excluding intra-trade),2015,614133712,487519403,126614309
Northern America (excluding intra-trade),2016,622803217,494464266,128338951
Northern America (excluding intra-trade),2017,675791574,597558579,78232995
Northern America (excluding intra-trade),2018,683128810,637302166,45826644
Northern America (excluding intra-trade),2019,660888499,652742259,8146240
Central America,2000,162528544,197285098,-34756554
Central America,2001,153031147,204088113,-51056966
Central America,2002,156921887,210350721,-53428834
Central America,2003,168401148,218922210,-50521062
Central America,2004,192909316,249122504,-56213188
Central America,2005,218442586,274507464,-56064878
Central America,2006,257181545,315352091,-58170546
Central America,2007,407495166,470658276,-63163110
Central America,2008,446522752,532317640,-85794888
Central America,2009,377754818,412601080,-34846262
Central America,2010,465893991,503919566,-38025575
Central America,2011,554580091,604390276,-49810185
Central America,2012,584024889,632500948,-48476059
Central America,2013,598014068,642400983,-44386915
Central America,2014,639648546,679756014,-40107468
Central America,2015,625370578,659823457,-34452879
Central America,2016,629318151,649390798,-20072647
Central America,2017,233035848,178037248,54998600
Central America,2018,238092803,186817956,51274847
Central America,2019,245565976,188922640,56643336
Central America (excluding intra-trade),2000,48412771,50738157,-2325386
Central America (excluding intra-trade),2001,46016823,57137997,-11121174
Central America (excluding intra-trade),2002,45807309,60685024,-14877715
Central America (excluding intra-trade),2003,51129681,64002730,-12873049
Central America (excluding intra-trade),2004,58121761,70403470,-12281709
Central America (excluding intra-trade),2005,65095455,73001566,-7906111
Central America (excluding intra-trade),2006,78035962,83714323,-5678361
Central America (excluding intra-trade),2007,87260535,100887334,-13626799
Central America (excluding intra-trade),2008,100691580,123558343,-22866763
Central America (excluding intra-trade),2009,97350170,97284439,65731
Central America (excluding intra-trade),2010,100765391,104986659,-4221268
Central America (excluding intra-trade),2011,123032254,137020786,-13988532
Central America (excluding intra-trade),2012,137359209,143912416,-6553207
Central America (excluding intra-trade),2013,135776964,137986291,-2209327
Central America (excluding intra-trade),2014,149721287,147689318,2031969
Central America (excluding intra-trade),2015,154417606,137690139,16727467
Central America (excluding intra-trade),2016,166098517,138511898,27586619
Central America (excluding intra-trade),2017,211123955,156674614,54449341
Central America (excluding intra-trade),2018,215631513,164692856,50938657
Central America (excluding intra-trade),2019,222390190,164572334,57817856
Caribbean,2000,24293821,46962060,-22668239
Caribbean,2001,24444740,47266687,-22821947
Caribbean,2002,21355037,46438752,-25083715
Caribbean,2003,22959106,47891128,-24932022
Caribbean,2004,26292963,54433571,-28140608
Caribbean,2005,30290204,67185895,-36895691
Caribbean,2006,37057329,74991387,-37934058
Caribbean,2007,41858119,87171512,-45313393
Caribbean,2008,51589322,111113647,-59524325
Caribbean,2009,35992870,83651297,-47658427
Caribbean,2010,39460527,90372218,-50911691
Caribbean,2011,46789264,99976491,-53187227
Caribbean,2012,47848780,101574760,-53725980
Caribbean,2013,47963732,104314506,-56350774
Caribbean,2014,51215556,112296862,-61081306
Caribbean,2015,44220868,104209708,-59988840
Caribbean,2016,40055102,99700505,-59645403
Caribbean,2017,17815232,50286169,-32470937
Caribbean,2018,15957354,50464467,-34507113
Caribbean,2019,15299436,49704690,-34405254
Caribbean (excluding intra-trade),2000,4330319,8159375,-3829056
Caribbean (excluding intra-trade),2001,6056188,10825454,-4769266
Caribbean (excluding intra-trade),2002,3851727,7047598,-3195871
Caribbean (excluding intra-trade),2003,3415711,7796418,-4380707
Caribbean (excluding intra-trade),2004,4616279,10888243,-6271964
Caribbean (excluding intra-trade),2005,3973757,16415378,-12441621
Caribbean (excluding intra-trade),2006,1309959,6794381,-5484422
Caribbean (excluding intra-trade),2007,4496508,18875592,-14379084
Caribbean (excluding intra-trade),2008,2143475,9168201,-7024726
Caribbean (excluding intra-trade),2009,2303874,10993388,-8689514
Caribbean (excluding intra-trade),2010,2122611,9028952,-6906341
Caribbean (excluding intra-trade),2011,640060,3042459,-2402399
Caribbean (excluding intra-trade),2012,1696109,8229794,-6533685
Caribbean (excluding intra-trade),2013,1351655,7995704,-6644049
Caribbean (excluding intra-trade),2014,4771142,23729906,-18958764
Caribbean (excluding intra-trade),2015,4832953,22051626,-17218673
Caribbean (excluding intra-trade),2016,4761434,20595873,-15834439
Caribbean (excluding intra-trade),2017,15056187,40961249,-25905062
Caribbean (excluding intra-trade),2018,13378482,39570854,-26192372
Caribbean (excluding intra-trade),2019,14523575,41946996,-27423421
South America,2000,325643716,209976725,115666991
South America,2001,338160941,203170237,134990704
South America,2002,345611267,173039910,172571357
South America,2003,410542823,188064453,222478370
South America,2004,520354918,240278049,280076869
South America,2005,626356964,285085087,341271877
South America,2006,725028374,353749304,371279070
South America,2007,886408925,466542728,419866197
South America,2008,1128619384,636886964,491732420
South America,2009,924081727,482240707,441841020
South America,2010,1139022116,621149292,517872824
South America,2011,1456937122,775211413,681725709
South America,2012,1428327280,805798647,622528633
South America,2013,1460033464,841128614,618904850
South America,2014,1363643085,809100751,554542334
South America,2015,1160937730,657649056,503288674
South America,2016,1134282782,577294766,556988016
South America,2017,740912720,186090763,554821957
South America,2018,758883004,200819548,558063456
South America,2019,772385108,184330166,588054942
South America (excluding intra-trade),2000,118124775,23027813,95096962
South America (excluding intra-trade),2001,136040850,20966920,115073930
South America (excluding intra-trade),2002,134214082,19900381,114313701
South America (excluding intra-trade),2003,182673946,22518975,160154971
South America (excluding intra-trade),2004,226166768,24912050,201254718
South America (excluding intra-trade),2005,259265238,24519657,234745581
South America (excluding intra-trade),2006,283589041,30529003,253060038
South America (excluding intra-trade),2007,362550915,42797719,319753196
South America (excluding intra-trade),2008,465830231,63629595,402200636
South America (excluding intra-trade),2009,406336328,46559298,359777030
South America (excluding intra-trade),2010,483952533,60415956,423536577
South America (excluding intra-trade),2011,627139181,73617426,553521755
South America (excluding intra-trade),2012,606294115,72574702,533719413
South America (excluding intra-trade),2013,641717692,89708584,552009108
South America (excluding intra-trade),2014,627882261,93032448,534849813
South America (excluding intra-trade),2015,581214279,80084265,501130014
South America (excluding intra-trade),2016,577247549,79497997,497749552
South America (excluding intra-trade),2017,657724066,93196824,564527242
South America (excluding intra-trade),2018,665169189,96668775,568500414
South America (excluding intra-trade),2019,681511497,81996412,599515085
Asia,2000,2402948146,2391128993,11819153
Asia,2001,2217191111,2281844632,-64653521
Asia,2002,2396812345,2407373846,-10561501
Asia,2003,2819154718,2835714983,-16560265
Asia,2004,3481536881,3558855309,-77318428
Asia,2005,4095613303,4060939620,34673683
Asia,2006,4787675626,4639948942,147726684
Asia,2007,5634156816,5461623576,172533240
Asia,2008,6709165629,6732571834,-23406205
Asia,2009,5408170506,5556692141,-148521635
Asia,2010,6995553822,7131464725,-135910903
Asia,2011,8541234994,8814947012,-273712018
Asia,2012,8804970755,9210881539,-405910784
Asia,2013,8996533337,9502402651,-505869314
Asia,2014,9172071723,9589825639,-417753916
Asia,2015,8180201264,8501130543,-320929279
Asia,2016,7891386962,8190201620,-298814658
Asia,2017,1478388061,2461124388,-982736327
Asia,2018,1497419430,2528484648,-1031065218
Asia,2019,1500627682,2553752578,-1053124896
Asia (excluding intra-trade),2000,100213258,347411389,-247198131
Asia (excluding intra-trade),2001,96936605,351726238,-254789633
Asia (excluding intra-trade),2002,108413663,344822560,-236408897
Asia (excluding intra-trade),2003,130689358,392138603,-261449245
Asia (excluding intra-trade),2004,154732109,471282611,-316550502
Asia (excluding intra-trade),2005,177204595,498172065,-320967470
Asia (excluding intra-trade),2006,199028800,527460484,-328431684
Asia (excluding intra-trade),2007,246794808,633373153,-386578345
Asia (excluding intra-trade),2008,323309564,804504587,-481195023
Asia (excluding intra-trade),2009,251030345,715885934,-464855589
Asia (excluding intra-trade),2010,327531623,873314725,-545783102
Asia (excluding intra-trade),2011,446008422,1144264360,-698255938
Asia (excluding intra-trade),2012,419556008,1178047436,-758491428
Asia (excluding intra-trade),2013,402588766,1244245043,-841656277
Asia (excluding intra-trade),2014,423682705,1389429730,-965747025
Asia (excluding intra-trade),2015,372080740,1287371285,-915290545
Asia (excluding intra-trade),2016,363100093,1279286800,-916186707
Asia (excluding intra-trade),2017,490528001,1580607652,-1090079651
Asia (excluding intra-trade),2018,480345143,1598964639,-1118619496
Asia (excluding intra-trade),2019,488233645,1639277496,-1151043851
Central Asia,2000,26157185,16315011,9842174
Central Asia,2001,24525394,17672131,6853263
Central Asia,2002,25647119,17673470,7973649
Central Asia,2003,32453522,20848880,11604642
Central Asia,2004,44306283,29404643,14901640
Central Asia,2005,53707294,37626295,16080999
Central Asia,2006,69865921,48118156,21747765
Central Asia,2007,89136906,66622044,22514862
Central Asia,2008,118285022,83802859,34482163
Central Asia,2009,75551616,70577224,4974392
Central Asia,2010,99979106,74684615,25294491
Central Asia,2011,135912165,94627394,41284771
Central Asia,2012,141660404,111830759,29829645
Central Asia,2013,139246295,118935456,20310839
Central Asia,2014,133319066,116452287,16866779
Central Asia,2015,87112414,88757024,-1644610
Central Asia,2016,73021372,76680820,-3659448
Central Asia,2017,21744028,30948868,-9204840
Central Asia,2018,24661533,32742468,-8080935
Central Asia,2019,26812093,36035064,-9222971
Central Asia (excluding intra-trade),2000,3199226,2074915,1124311
Central Asia (excluding intra-trade),2001,1849521,2196866,-347345
Central Asia (excluding intra-trade),2002,2238640,2144195,94445
Central Asia (excluding intra-trade),2003,3556808,2752834,803974
Central Asia (excluding intra-trade),2004,4522628,3970029,552599
Central Asia (excluding intra-trade),2005,3101209,5434705,-2333496
Central Asia (excluding intra-trade),2006,4943279,7169067,-2225788
Central Asia (excluding intra-trade),2007,8545932,9939666,-1393734
Central Asia (excluding intra-trade),2008,11083911,13373074,-2289163
Central Asia (excluding intra-trade),2009,4862347,9824109,-4961762
Central Asia (excluding intra-trade),2010,642843,4241517,-3598674
Central Asia (excluding intra-trade),2011,5035946,16534570,-11498624
Central Asia (excluding intra-trade),2012,10589267,17772531,-7183264
Central Asia (excluding intra-trade),2013,8007128,16376646,-8369518
Central Asia (excluding intra-trade),2014,7881421,18402272,-10520851
Central Asia (excluding intra-trade),2015,5896027,14055045,-8159018
Central Asia (excluding intra-trade),2016,6902616,12115088,-5212472
Central Asia (excluding intra-trade),2017,13986932,22415097,-8428165
Central Asia (excluding intra-trade),2018,16393895,22726366,-6332471
Central Asia (excluding intra-trade),2019,17354071,25432890,-8078819
Eastern Asia,2000,1357859628,1456201637,-98342009
Eastern Asia,2001,1240406522,1377097860,-136691338
Eastern Asia,2002,1345061134,1435345686,-90284552
Eastern Asia,2003,1597076399,1724493047,-127416648
Eastern Asia,2004,1977741512,2147709657,-169968145
Eastern Asia,2005,2270765868,2401143454,-130377586
Eastern Asia,2006,2635291354,2720642370,-85351016
Eastern Asia,2007,3084331429,3125215219,-40883790
Eastern Asia,2008,3464986209,3752018843,-287032634
Eastern Asia,2009,2881476366,3089603314,-208126948
Eastern Asia,2010,3736849750,4071954863,-335105113
Eastern Asia,2011,4336362003,5022643574,-686281571
Eastern Asia,2012,4494840475,5236760070,-741919595
Eastern Asia,2013,4648225677,5398410756,-750185079
Eastern Asia,2014,4793208893,5379586749,-586377856
Eastern Asia,2015,4568098564,4677456867,-109358303
Eastern Asia,2016,4402874571,4462160675,-59286104
Eastern Asia,2017,378534581,1174745209,-796210628
Eastern Asia,2018,400646789,1232720009,-832073220
Eastern Asia,2019,403397908,1275447222,-872049314
Eastern Asia (excluding intra-trade),2000,36795854,265198076,-228402222
Eastern Asia (excluding intra-trade),2001,35176183,264568538,-229392355
Eastern Asia (excluding intra-trade),2002,41104217,259907340,-218803123
Eastern Asia (excluding intra-trade),2003,47996616,311538161,-263541545
Eastern Asia (excluding intra-trade),2004,47748414,381511323,-333762909
Eastern Asia (excluding intra-trade),2005,56510610,383636753,-327126143
Eastern Asia (excluding intra-trade),2006,66114662,413033376,-346918714
Eastern Asia (excluding intra-trade),2007,83481413,457653433,-374172020
Eastern Asia (excluding intra-trade),2008,96944906,628544201,-531599295
Eastern Asia (excluding intra-trade),2009,98070898,563771312,-465700414
Eastern Asia (excluding intra-trade),2010,123723637,722065352,-598341715
Eastern Asia (excluding intra-trade),2011,149112676,938113594,-789000918
Eastern Asia (excluding intra-trade),2012,148751813,1001172374,-852420561
Eastern Asia (excluding intra-trade),2013,161216034,1008509733,-847293699
Eastern Asia (excluding intra-trade),2014,171944126,1011411785,-839467659
Eastern Asia (excluding intra-trade),2015,178462381,930053997,-751591616
Eastern Asia (excluding intra-trade),2016,181928268,900691675,-718763407
Eastern Asia (excluding intra-trade),2017,208484124,1051468202,-842984078
Eastern Asia (excluding intra-trade),2018,220276661,1098332857,-878056196
Eastern Asia (excluding intra-trade),2019,226587766,1146593351,-920005585
Southern Asia,2000,134572874,145906264,-11333390
Southern Asia,2001,131018732,150749576,-19730844
Southern Asia,2002,147086256,164061797,-16975541
Southern Asia,2003,173436034,199943760,-26507726
Southern Asia,2004,207233615,251984236,-44750621
Southern Asia,2005,267396859,317999745,-50602886
Southern Asia,2006,323505397,384254452,-60749055
Southern Asia,2007,393374727,440581003,-47206276
Southern Asia,2008,481227713,605624287,-124396574
Southern Asia,2009,399331004,529710376,-130379372
Southern Asia,2010,535806995,664818975,-129011980
Southern Asia,2011,712680367,855151137,-142470770
Southern Asia,2012,711481134,885779835,-174298701
Southern Asia,2013,737878400,866419795,-128541395
Southern Asia,2014,743852877,918064170,-174211293
Southern Asia,2015,606851298,831655996,-224804698
Southern Asia,2016,601653109,800807974,-199154865
Southern Asia,2017,221665312,320418776,-98753464
Southern Asia,2018,211770268,292856251,-81085983
Southern Asia,2019,208306590,281586535,-73279945
Southern Asia (excluding intra-trade),2000,31438336,34702631,-3264295
Southern Asia (excluding intra-trade),2001,31938720,37932413,-5993693
Southern Asia (excluding intra-trade),2002,33718014,36617177,-2899163
Southern Asia (excluding intra-trade),2003,37975402,46216196,-8240794
Southern Asia (excluding intra-trade),2004,41304424,48890852,-7586428
Southern Asia (excluding intra-trade),2005,54477673,61726163,-7248490
Southern Asia (excluding intra-trade),2006,63066686,76075478,-13008792
Southern Asia (excluding intra-trade),2007,86171303,87809193,-1637890
Southern Asia (excluding intra-trade),2008,99337693,106464482,-7126789
Southern Asia (excluding intra-trade),2009,78607434,87446083,-8838649
Southern Asia (excluding intra-trade),2010,118325140,111547926,6777214
Southern Asia (excluding intra-trade),2011,169195941,164663017,4532924
Southern Asia (excluding intra-trade),2012,183849376,123914499,59934877
Southern Asia (excluding intra-trade),2013,190696695,117540608,73156087
Southern Asia (excluding intra-trade),2014,194368113,210561874,-16193761
Southern Asia (excluding intra-trade),2015,145115108,213052750,-67937642
Southern Asia (excluding intra-trade),2016,151176505,215330474,-64153969
Southern Asia (excluding intra-trade),2017,178685561,267094157,-88408596
Southern Asia (excluding intra-trade),2018,152847999,234472584,-81624585
Southern Asia (excluding intra-trade),2019,154806770,228692649,-73885879
South-eastern Asia,2000,547194074,455799861,91394213
South-eastern Asia,2001,498062890,431037498,67025392
South-eastern Asia,2002,538760250,454491569,84268681
South-eastern Asia,2003,618645960,495992545,122653415
South-eastern Asia,2004,760348518,624780062,135568456
South-eastern Asia,2005,859964836,716802822,143162014
South-eastern Asia,2006,1019490441,814923988,204566453
South-eastern Asia,2007,1179078985,967078799,212000186
South-eastern Asia,2008,1432714928,1190925385,241789543
South-eastern Asia,2009,1175586560,954498108,221088452
South-eastern Asia,2010,1538846160,1242323991,296522169
South-eastern Asia,2011,1905326540,1535238408,370088132
South-eastern Asia,2012,1876200188,1612843338,263356850
South-eastern Asia,2013,1847957639,1642065794,205891845
South-eastern Asia,2014,1939831400,1640506646,299324754
South-eastern Asia,2015,1753088382,1487824653,265263729
South-eastern Asia,2016,1740929353,1501081339,239848014
South-eastern Asia,2017,678793527,455703952,223089575
South-eastern Asia,2018,656940995,487427290,169513705
South-eastern Asia,2019,650309374,470868526,179440848
South-Eastern Asia (excluding intra-trade),2000,83006715,59968586,23038129
South-Eastern Asia (excluding intra-trade),2001,76480491,61370070,15110421
South-Eastern Asia (excluding intra-trade),2002,95183411,61972067,33211344
South-Eastern Asia (excluding intra-trade),2003,118344532,54066688,64277844
South-Eastern Asia (excluding intra-trade),2004,143577981,73745387,69832594
South-Eastern Asia (excluding intra-trade),2005,150658765,76947736,73711029
South-Eastern Asia (excluding intra-trade),2006,185675191,84913048,100762143
South-Eastern Asia (excluding intra-trade),2007,231323852,104957021,126366831
South-Eastern Asia (excluding intra-trade),2008,334239774,136407785,197831989
South-Eastern Asia (excluding intra-trade),2009,257754396,120361508,137392888
South-Eastern Asia (excluding intra-trade),2010,348935471,148234304,200701167
South-Eastern Asia (excluding intra-trade),2011,488956207,197109990,291846217
South-Eastern Asia (excluding intra-trade),2012,420651759,200192841,220458918
South-Eastern Asia (excluding intra-trade),2013,402876613,212583233,190293380
South-Eastern Asia (excluding intra-trade),2014,405152714,220324836,184827878
South-Eastern Asia (excluding intra-trade),2015,348344316,200663193,147681123
South-Eastern Asia (excluding intra-trade),2016,336342332,207178098,129164234
South-Eastern Asia (excluding intra-trade),2017,501786084,365310089,136475995
South-Eastern Asia (excluding intra-trade),2018,473168873,384671666,88497207
South-Eastern Asia (excluding intra-trade),2019,475652968,371601023,104051945
Western Asia,2000,337164394,316906214,20258180
Western Asia,2001,323177573,305287565,17890008
Western Asia,2002,340257586,335801324,4456262
Western Asia,2003,397542803,394436751,3106052
Western Asia,2004,491906953,504976711,-13069758
Western Asia,2005,643778448,587367305,56411143
Western Asia,2006,739522513,672009975,67512538
Western Asia,2007,888234769,862126512,26108257
Western Asia,2008,1211951759,1100200460,111751299
Western Asia,2009,876224959,912303119,-36078160
Western Asia,2010,1084071813,1077682281,6389532
Western Asia,2011,1450953920,1307286500,143667420
Western Asia,2012,1580788553,1363667537,217121016
Western Asia,2013,1623225325,1476570851,146654474
Western Asia,2014,1561859487,1535215787,26643700
Western Asia,2015,1165050606,1415436003,-250385397
Western Asia,2016,1072908557,1349470812,-276562255
Western Asia,2017,177650613,479307583,-301656970
Western Asia,2018,203399845,482738630,-279338785
Western Asia,2019,211801717,489815231,-278013514
Western Asia (excluding intra-trade),2000,22152399,61688666,-39536267
Western Asia (excluding intra-trade),2001,25241187,60668430,-35427243
Western Asia (excluding intra-trade),2002,28440337,74760216,-46319879
Western Asia (excluding intra-trade),2003,34581059,87399052,-52817993
Western Asia (excluding intra-trade),2004,37954294,87863044,-49908750
Western Asia (excluding intra-trade),2005,49144615,104452798,-55308183
Western Asia (excluding intra-trade),2006,38056411,105502405,-67445994
Western Asia (excluding intra-trade),2007,50531529,175747094,-125215565
Western Asia (excluding intra-trade),2008,62633924,180450231,-117816307
Western Asia (excluding intra-trade),2009,53734679,155941599,-102206920
Western Asia (excluding intra-trade),2010,67845827,191581419,-123735592
Western Asia (excluding intra-trade),2011,75615045,226578655,-150963610
Western Asia (excluding intra-trade),2012,75608336,232475590,-156867254
Western Asia (excluding intra-trade),2013,68864438,268316931,-199452493
Western Asia (excluding intra-trade),2014,96507788,369069987,-272562199
Western Asia (excluding intra-trade),2015,83793075,320158003,-236364928
Western Asia (excluding intra-trade),2016,80453772,304388231,-223934459
Western Asia (excluding intra-trade),2017,100318119,383604374,-283286255
Western Asia (excluding intra-trade),2018,109893663,367652445,-257758782
Western Asia (excluding intra-trade),2019,116668348,373425911,-256757563
Europe,2000,3647893811,3662636359,-14742548
Europe,2001,3633379165,3641910822,-8531657
Europe,2002,3929323974,3884337020,44986954
Europe,2003,4748667590,4733669878,14997712
Europe,2004,5657268404,5651440925,5827479
Europe,2005,6153616471,6178278008,-24661537
Europe,2006,6913671297,7195650466,-281979169
Europe,2007,8117290292,8306272687,-188982395
Europe,2008,9290026679,9568023985,-277997306
Europe,2009,7407242335,7514496764,-107254429
Europe,2010,8257275358,8348621193,-91345835
Europe,2011,9827218303,9874077851,-46859548
Europe,2012,9582586650,9423509836,159076814
Europe,2013,9996304503,9598702869,397601634
Europe,2014,10156718009,9768943133,387774876
Europe,2015,8772137876,8377551730,394586146
Europe,2016,8760119180,8446727498,313391682
Europe,2017,2897729000,2797713268,100015732
Europe,2018,3054824511,2938765642,116058869
Europe,2019,3017451147,2857124064,160327083
Europe (excluding intra-trade),2000,190189610,254092557,-63902947
Europe (excluding intra-trade),2001,171913109,264353714,-92440605
Europe (excluding intra-trade),2002,181425884,269052401,-87626517
Europe (excluding intra-trade),2003,206254974,318401631,-112146657
Europe (excluding intra-trade),2004,253936170,369740435,-115804265
Europe (excluding intra-trade),2005,278386589,386935394,-108548805
Europe (excluding intra-trade),2006,302545952,429605455,-127059503
Europe (excluding intra-trade),2007,325048678,512489129,-187440451
Europe (excluding intra-trade),2008,396185639,636437870,-240252231
Europe (excluding intra-trade),2009,358820953,518881048,-160060095
Europe (excluding intra-trade),2010,394556705,559127354,-164570649
Europe (excluding intra-trade),2011,503088968,686734027,-183645059
Europe (excluding intra-trade),2012,555937174,636637534,-80700360
Europe (excluding intra-trade),2013,596522488,646130660,-49608172
Europe (excluding intra-trade),2014,638552252,654909621,-16357369
Europe (excluding intra-trade),2015,589655918,581122740,8533178
Europe (excluding intra-trade),2016,600835138,571504997,29330141
Europe (excluding intra-trade),2017,724399410,682303414,42095996
Europe (excluding intra-trade),2018,762158447,695449696,66708751
Europe (excluding intra-trade),2019,786208647,660288001,125920646
Eastern Europe,2000,302824280,295248583,7575697
Eastern Europe,2001,309556252,314867475,-5311223
Eastern Europe,2002,348352862,362736832,-14383970
Eastern Europe,2003,461570798,461551178,19620
Eastern Europe,2004,600899299,601079800,-180501
Eastern Europe,2005,738605713,713275812,25329901
Eastern Europe,2006,899866199,889813854,10052345
Eastern Europe,2007,1119111334,1148521449,-29410115
Eastern Europe,2008,1422656002,1457016937,-34360935
Eastern Europe,2009,1069303945,1059688794,9615151
Eastern Europe,2010,1269156162,1258053087,11103075
Eastern Europe,2011,1625718086,1551476377,74241709
Eastern Europe,2012,1680362626,1535149891,145212735
Eastern Europe,2013,1729125536,1578301237,150824299
Eastern Europe,2014,1757019128,1542357613,214661515
Eastern Europe,2015,1442532146,1231855804,210676342
Eastern Europe,2016,1407498346,1246486782,161011564
Eastern Europe,2017,489512689,417907314,71605375
Eastern Europe,2018,530517891,442157123,88360768
Eastern Europe,2019,538156572,453523137,84633435
Eastern Europe (excluding intra-trade),2000,23769199,52804886,-29035687
Eastern Europe (excluding intra-trade),2001,32092082,65468722,-33376640
Eastern Europe (excluding intra-trade),2002,42686235,73323558,-30637323
Eastern Europe (excluding intra-trade),2003,50365373,87893350,-37527977
Eastern Europe (excluding intra-trade),2004,65905932,108181842,-42275910
Eastern Europe (excluding intra-trade),2005,84959297,130012739,-45053442
Eastern Europe (excluding intra-trade),2006,100994968,162670330,-61675362
Eastern Europe (excluding intra-trade),2007,138797247,206593173,-67795926
Eastern Europe (excluding intra-trade),2008,183050650,272506469,-89455819
Eastern Europe (excluding intra-trade),2009,174758707,231028235,-56269528
Eastern Europe (excluding intra-trade),2010,167754027,256012047,-88258020
Eastern Europe (excluding intra-trade),2011,229186279,312350877,-83164598
Eastern Europe (excluding intra-trade),2012,286756759,306815753,-20058994
Eastern Europe (excluding intra-trade),2013,305794224,319376425,-13582201
Eastern Europe (excluding intra-trade),2014,332432367,308337186,24095181
Eastern Europe (excluding intra-trade),2015,299288048,245217997,54070051
Eastern Europe (excluding intra-trade),2016,307018176,243331382,63686794
Eastern Europe (excluding intra-trade),2017,376141326,311369852,64771474
Eastern Europe (excluding intra-trade),2018,410485949,326926670,83559279
Eastern Europe (excluding intra-trade),2019,413672237,327883823,85788414
Northern Europe,2000,792341576,805059133,-12717557
Northern Europe,2001,752509536,788323772,-35814236
Northern Europe,2002,796218414,842031091,-45812677
Northern Europe,2003,906283304,988208263,-81924959
Northern Europe,2004,1060126255,1165010371,-104884116
Northern Europe,2005,1162550438,1275711379,-113160941
Northern Europe,2006,1296172225,1461186991,-165014766
Northern Europe,2007,1400371394,1640833732,-240462338
Northern Europe,2008,1539275579,1768098626,-228823047
Northern Europe,2009,1195556513,1403426644,-207870131
Northern Europe,2010,1343935949,1548678626,-204742677
Northern Europe,2011,1592899277,1798384788,-205485511
Northern Europe,2012,1533895574,1785999257,-252103683
Northern Europe,2013,1619357598,1794764825,-175407227
Northern Europe,2014,1583329604,1855584523,-272254919
Northern Europe,2015,1378903645,1640105826,-261202181
Northern Europe,2016,1311362290,1640963830,-329601540
Northern Europe,2017,361118288,530003046,-168884758
Northern Europe,2018,374873862,562914917,-188041055
Northern Europe,2019,373979444,543808778,-169829334
Northern Europe (excluding intra-trade),2000,116202540,146487324,-30284784
Northern Europe (excluding intra-trade),2001,98504301,153242625,-54738324
Northern Europe (excluding intra-trade),2002,104609095,166850336,-62241241
Northern Europe (excluding intra-trade),2003,123112419,198974003,-75861584
Northern Europe (excluding intra-trade),2004,148325567,231361828,-83036261
Northern Europe (excluding intra-trade),2005,154452559,244874676,-90422117
Northern Europe (excluding intra-trade),2006,156219731,266843993,-110624262
Northern Europe (excluding intra-trade),2007,172936449,319651030,-146714581
Northern Europe (excluding intra-trade),2008,192322559,363886253,-171563694
Northern Europe (excluding intra-trade),2009,165615281,311565909,-145950628
Northern Europe (excluding intra-trade),2010,182950460,326056203,-143105743
Northern Europe (excluding intra-trade),2011,217973800,375603404,-157629604
Northern Europe (excluding intra-trade),2012,220627947,375033222,-154405275
Northern Europe (excluding intra-trade),2013,234149628,398026030,-163876402
Northern Europe (excluding intra-trade),2014,233785155,400487046,-166701891
Northern Europe (excluding intra-trade),2015,204413212,356507225,-152094013
Northern Europe (excluding intra-trade),2016,199412020,345152299,-145740279
Northern Europe (excluding intra-trade),2017,244998744,411845766,-166847022
Northern Europe (excluding intra-trade),2018,249307861,435407710,-186099849
Northern Europe (excluding intra-trade),2019,255243574,422484687,-167241113
Southern Europe,2000,580553454,697693695,-117140241
Southern Europe,2001,586074792,690456928,-104382136
Southern Europe,2002,631461334,742671573,-111210239
Southern Europe,2003,765493341,915576661,-150083320
Southern Europe,2004,895694973,1103437444,-207742471
Southern Europe,2005,939247370,1189648218,-250400848
Southern Europe,2006,1046962323,1516391708,-469429385
Southern Europe,2007,1251398280,1583703411,-332305131
Southern Europe,2008,1412366402,1798387359,-386020957
Southern Europe,2009,1145062857,1373786865,-228724008
Southern Europe,2010,1258960427,1503608939,-244648512
Southern Europe,2011,1484003892,1729803399,-245799507
Southern Europe,2012,1452058485,1560468736,-108410251
Southern Europe,2013,1536569102,1576548004,-39978902
Southern Europe,2014,1589208730,1613704602,-24495872
Southern Europe,2015,1394933332,1392397489,2535843
Southern Europe,2016,1437486964,1397647049,39839915
Southern Europe,2017,567787532,504150403,63637129
Southern Europe,2018,605068393,529712092,75356301
Southern Europe,2019,603144329,514544465,88599864
Southern Europe (excluding intra-trade),2000,126889186,157817921,-30928735
Southern Europe (excluding intra-trade),2001,125783890,157307713,-31523823
Southern Europe (excluding intra-trade),2002,140893520,170837085,-29943565
Southern Europe (excluding intra-trade),2003,171733502,206615057,-34881555
Southern Europe (excluding intra-trade),2004,199020024,252288435,-53268411
Southern Europe (excluding intra-trade),2005,206796545,255628299,-48831754
Southern Europe (excluding intra-trade),2006,230392174,277685990,-47293816
Southern Europe (excluding intra-trade),2007,260502162,329005156,-68502994
Southern Europe (excluding intra-trade),2008,306568657,386514975,-79946318
Southern Europe (excluding intra-trade),2009,277457362,328874938,-51417576
Southern Europe (excluding intra-trade),2010,303301797,345850625,-42548828
Southern Europe (excluding intra-trade),2011,346687472,407639641,-60952169
Southern Europe (excluding intra-trade),2012,355847092,376425625,-20578533
Southern Europe (excluding intra-trade),2013,382957181,390117714,-7160533
Southern Europe (excluding intra-trade),2014,395245334,391575216,3670118
Southern Europe (excluding intra-trade),2015,359548865,337590136,21958729
Southern Europe (excluding intra-trade),2016,380302248,339937924,40364324
Southern Europe (excluding intra-trade),2017,462304416,403404535,58899881
Southern Europe (excluding intra-trade),2018,492650583,421831221,70819362
Southern Europe (excluding intra-trade),2019,493851039,408442851,85408188
Western Europe,2000,1972174493,1864634948,107539545
Western Europe,2001,1985238585,1848262647,136975938
Western Europe,2002,2153291362,1936897525,216393837
Western Europe,2003,2615320147,2368333774,246986373
Western Europe,2004,3100547877,2781913310,318634567
Western Europe,2005,3313212950,2999642599,313570351
Western Europe,2006,3670670550,3328257913,342412637
Western Europe,2007,4346409284,3933214095,413195189
Western Europe,2008,4915728696,4544521063,371207633
Western Europe,2009,3997319020,3677594461,319724559
Western Europe,2010,4385222820,4038280541,346942279
Western Europe,2011,5124597048,4794413287,330183761
Western Europe,2012,4916269965,4541891952,374378013
Western Europe,2013,5111252267,4649088803,462163464
Western Europe,2014,5227160547,4757296395,469864152
Western Europe,2015,4555768753,4113192611,442576142
Western Europe,2016,4603771580,4161629837,442141743
Western Europe,2017,1479310491,1345652505,133657986
Western Europe,2018,1544364365,1403981510,140382855
Western Europe,2019,1502170802,1345247684,156923118
Western Europe (excluding intra-trade),2000,252242594,224035033,28207561
Western Europe (excluding intra-trade),2001,245782582,221187785,24594797
Western Europe (excluding intra-trade),2002,272381432,240273979,32107453
Western Europe (excluding intra-trade),2003,334784854,297763831,37021023
Western Europe (excluding intra-trade),2004,393391461,333128498,60262963
Western Europe (excluding intra-trade),2005,423493384,348852447,74640937
Western Europe (excluding intra-trade),2006,473487696,379117989,94369707
Western Europe (excluding intra-trade),2007,560642026,456612754,104029272
Western Europe (excluding intra-trade),2008,666809382,556783244,110026138
Western Europe (excluding intra-trade),2009,586918237,492182453,94735784
Western Europe (excluding intra-trade),2010,626210300,517890786,108319514
Western Europe (excluding intra-trade),2011,744467494,627241620,117225874
Western Europe (excluding intra-trade),2012,720964092,606158107,114805985
Western Europe (excluding intra-trade),2013,768457476,629376823,139080653
Western Europe (excluding intra-trade),2014,764278920,633790914,130488006
Western Europe (excluding intra-trade),2015,665317231,561759386,103557845
Western Europe (excluding intra-trade),2016,673316197,578586517,94729680
Western Europe (excluding intra-trade),2017,832322002,715067869,117254133
Western Europe (excluding intra-trade),2018,872687777,743403325,129284452
Western Europe (excluding intra-trade),2019,861239154,716393679,144845475
Oceania,2000,177397629,106006913,71390716
Oceania,2001,187310887,103482269,83828618
Oceania,2002,194853916,111429755,83424161
Oceania,2003,209015207,143248545,65766662
Oceania,2004,255662979,162188506,93474473
Oceania,2005,274736892,189864794,84872098
Oceania,2006,299392245,206071316,93320929
Oceania,2007,345043911,265428217,79615694
Oceania,2008,413946118,312670610,101275508
Oceania,2009,358296647,263914062,94382585
Oceania,2010,463663788,314008480,149655308
Oceania,2011,555167469,375410649,179756820
Oceania,2012,586797630,403692793,183104837
Oceania,2013,595067161,387997973,207069188
Oceania,2014,601598050,391576747,210021303
Oceania,2015,505062122,347570207,157491915
Oceania,2016,497737808,334918673,162819135
Oceania,2017,303896965,99992773,203904192
Oceania,2018,293377608,103233258,190144350
Oceania,2019,290041784,105494767,184547017
Oceania (excluding intra-trade),2000,89674515,12844930,76829585
Oceania (excluding intra-trade),2001,93702277,13423451,80278826
Oceania (excluding intra-trade),2002,94643033,14806412,79836621
Oceania (excluding intra-trade),2003,94734425,17888903,76845522
Oceania (excluding intra-trade),2004,128333044,20697819,107635225
Oceania (excluding intra-trade),2005,126796363,24719249,102077114
Oceania (excluding intra-trade),2006,130988977,26293256,104695721
Oceania (excluding intra-trade),2007,138483276,34892594,103590682
Oceania (excluding intra-trade),2008,153843917,38326321,115517596
Oceania (excluding intra-trade),2009,140499177,38009272,102489905
Oceania (excluding intra-trade),2010,171092381,41009630,130082751
Oceania (excluding intra-trade),2011,198549442,49524481,149024961
Oceania (excluding intra-trade),2012,237631178,55052285,182578893
Oceania (excluding intra-trade),2013,248317728,54761079,193556649
Oceania (excluding intra-trade),2014,257677868,60440763,197237105
Oceania (excluding intra-trade),2015,228610147,58542158,170067989
Oceania (excluding intra-trade),2016,213665695,57682000,155983695
Oceania (excluding intra-trade),2017,274231840,73358070,200873770
Oceania (excluding intra-trade),2018,263274290,76101631,187172659
Oceania (excluding intra-trade),2019,261779642,79996380,181783262
Australia and New Zealand,2000,170685175,97011948,73673227
Australia and New Zealand,2001,181749652,93916126,87833526
Australia and New Zealand,2002,189129222,101478524,87650698
Australia and New Zealand,2003,201662809,131463540,70199269
Australia and New Zealand,2004,247353885,149049293,98304592
Australia and New Zealand,2005,265200974,175353525,89847449
Australia and New Zealand,2006,288792925,189069502,99723423
Australia and New Zealand,2007,332178331,245894145,86284186
Australia and New Zealand,2008,399653656,289891018,109762638
Australia and New Zealand,2009,346600514,244130619,102469895
Australia and New Zealand,2010,449386330,291378365,158007965
Australia and New Zealand,2011,537852100,350522583,187329517
Australia and New Zealand,2012,570538966,377355896,193183070
Australia and New Zealand,2013,580332852,359793678,220539174
Australia and New Zealand,2014,582013705,362813602,219200103
Australia and New Zealand,2015,487340156,323558502,163781654
Australia and New Zealand,2016,479583494,311520624,168062870
Australia and New Zealand,2017,296878505,87363819,209514686
Australia and New Zealand,2018,286973895,91483639,195490256
Australia and New Zealand,2019,284504387,93859057,190645330
Australia and New Zealand (excluding intra-trade),2000,90233184,12801507,77431677
Australia and New Zealand (excluding intra-trade),2001,94134302,12331676,81802626
Australia and New Zealand (excluding intra-trade),2002,95529995,13811667,81718328
Australia and New Zealand (excluding intra-trade),2003,95498054,16692949,78805105
Australia and New Zealand (excluding intra-trade),2004,129633401,19315843,110317558
Australia and New Zealand (excluding intra-trade),2005,127955311,23137780,104817531
Australia and New Zealand (excluding intra-trade),2006,132202406,24307544,107894862
Australia and New Zealand (excluding intra-trade),2007,140080763,33016505,107064258
Australia and New Zealand (excluding intra-trade),2008,155624277,36770732,118853545
Australia and New Zealand (excluding intra-trade),2009,142494194,35625962,106868232
Australia and New Zealand (excluding intra-trade),2010,173763679,38599725,135163954
Australia and New Zealand (excluding intra-trade),2011,200773309,47042352,153730957
Australia and New Zealand (excluding intra-trade),2012,240432507,52337740,188094767
Australia and New Zealand (excluding intra-trade),2013,251377072,51790204,199586868
Australia and New Zealand (excluding intra-trade),2014,256621399,55527202,201094197
Australia and New Zealand (excluding intra-trade),2015,227532399,53015448,174516951
Australia and New Zealand (excluding intra-trade),2016,212471716,52532061,159939655
Australia and New Zealand (excluding intra-trade),2017,272145477,66536271,205609206
Australia and New Zealand (excluding intra-trade),2018,262062767,70782900,191279867
Australia and New Zealand (excluding intra-trade),2019,261245806,74103278,187142528
Melanesia,2000,5721978,5158180,563798
Melanesia,2001,4792117,5472483,-680366
Melanesia,2002,4860521,5665951,-805430
Melanesia,2003,6391619,6706828,-315209
Melanesia,2004,7286906,7819776,-532870
Melanesia,2005,8551078,8783568,-232490
Melanesia,2006,9541340,10934504,-1393164
Melanesia,2007,11810287,12973296,-1163009
Melanesia,2008,13100190,15738994,-2638804
Melanesia,2009,10762609,13589943,-2827334
Melanesia,2010,13497067,16335665,-2838598
Melanesia,2011,16477403,18249693,-1772290
Melanesia,2012,15410042,19439247,-4029205
Melanesia,2013,13900381,20804632,-6904251
Melanesia,2014,18658031,20524431,-1866400
Melanesia,2015,16811574,16913730,-102156
Melanesia,2016,17176043,16414746,761297
Melanesia,2017,6759276,9605712,-2846436
Melanesia,2018,6158259,8571007,-2412748
Melanesia,2019,5309554,8502592,-3193038
Melanesia (excluding intra-trade),2000,718050,1320427,-602377
Melanesia (excluding intra-trade),2001,1084711,2075546,-990835
Melanesia (excluding intra-trade),2002,696320,1299692,-603372
Melanesia (excluding intra-trade),2003,837939,1596480,-758541
Melanesia (excluding intra-trade),2004,896642,1888530,-991888
Melanesia (excluding intra-trade),2005,1089962,2091993,-1002031
Melanesia (excluding intra-trade),2006,1148917,2630947,-1482030
Melanesia (excluding intra-trade),2007,1349634,2787887,-1438253
Melanesia (excluding intra-trade),2008,1459105,1798237,-339132
Melanesia (excluding intra-trade),2009,1001864,2721987,-1720123
Melanesia (excluding intra-trade),2010,928736,3209271,-2280535
Melanesia (excluding intra-trade),2011,1533884,3817506,-2283622
Melanesia (excluding intra-trade),2012,1580785,3790107,-2209322
Melanesia (excluding intra-trade),2013,1365025,3970867,-2605842
Melanesia (excluding intra-trade),2014,5514341,7463330,-1948989
Melanesia (excluding intra-trade),2015,4852425,7479020,-2626595
Melanesia (excluding intra-trade),2016,5188888,7582699,-2393811
Melanesia (excluding intra-trade),2017,6467611,8982982,-2515371
Melanesia (excluding intra-trade),2018,5828210,7547295,-1719085
Melanesia (excluding intra-trade),2019,5033029,7775293,-2742264
Micronesia,2000,164797,815090,-650293
Micronesia,2001,105941,850554,-744613
Micronesia,2002,113799,675148,-561349
Micronesia,2003,120697,877328,-756631
Micronesia,2004,131191,928281,-797090
Micronesia,2005,143867,1006371,-862504
Micronesia,2006,156135,928912,-772777
Micronesia,2007,192055,1021368,-829313
Micronesia,2008,175798,836003,-660205
Micronesia,2009,125888,785924,-660036
Micronesia,2010,113614,784808,-671194
Micronesia,2011,129772,823256,-693484
Micronesia,2012,123591,826335,-702744
Micronesia,2013,125421,1113461,-988040
Micronesia,2014,100132,1939365,-1839233
Micronesia,2015,75504,1321933,-1246429
Micronesia,2016,93662,1388730,-1295068
Micronesia,2017,52497,266683,-214186
Micronesia,2018,20640,227814,-207174
Micronesia,2019,16723,230814,-214091
Micronesia (excluding intra-trade),2000,15,7523,-7508
Micronesia (excluding intra-trade),2001,4,6525,-6521
Micronesia (excluding intra-trade),2002,0,479,-479
Micronesia (excluding intra-trade),2003,0,98,-98
Micronesia (excluding intra-trade),2004,0,576,-576
Micronesia (excluding intra-trade),2005,6617,167507,-160890
Micronesia (excluding intra-trade),2006,0,87,-87
Micronesia (excluding intra-trade),2007,1136,14536,-13400
Micronesia (excluding intra-trade),2008,2538,19307,-16769
Micronesia (excluding intra-trade),2009,0,135637,-135637
Micronesia (excluding intra-trade),2010,0,276,-276
Micronesia (excluding intra-trade),2011,30295,191805,-161510
Micronesia (excluding intra-trade),2012,19843,169908,-150065
Micronesia (excluding intra-trade),2013,0,5077,-5077
Micronesia (excluding intra-trade),2014,23834,195720,-171886
Micronesia (excluding intra-trade),2015,12777,165387,-152610
Micronesia (excluding intra-trade),2016,21533,224772,-203239
Micronesia (excluding intra-trade),2017,72615,635242,-562627
Micronesia (excluding intra-trade),2018,40554,582416,-541862
Micronesia (excluding intra-trade),2019,26668,664610,-637942
Polynesia,2000,825679,3021680,-2196001
Polynesia,2001,663177,3243106,-2579929
Polynesia,2002,750374,3610132,-2859758
Polynesia,2003,840082,4200849,-3360767
Polynesia,2004,890997,4391156,-3500159
Polynesia,2005,840973,4721330,-3880357
Polynesia,2006,901845,5138398,-4236553
Polynesia,2007,863238,5539408,-4676170
Polynesia,2008,1016474,6204595,-5188121
Polynesia,2009,807636,5407576,-4599940
Polynesia,2010,666777,5509642,-4842865
Polynesia,2011,708194,5815117,-5106923
Polynesia,2012,725031,6071315,-5346284
Polynesia,2013,708507,6286202,-5577695
Polynesia,2014,826182,6299349,-5473167
Polynesia,2015,834888,5776042,-4941154
Polynesia,2016,884609,5594573,-4709964
Polynesia,2017,206687,2756559,-2549872
Polynesia,2018,224814,2950798,-2725984
Polynesia,2019,211120,2902304,-2691184
Polynesia (excluding intra-trade),2000,23725,96914,-73189
Polynesia (excluding intra-trade),2001,74327,1009690,-935363
Polynesia (excluding intra-trade),2002,101810,1128227,-1026417
Polynesia (excluding intra-trade),2003,128480,1211708,-1083228
Polynesia (excluding intra-trade),2004,160833,1408551,-1247718
Polynesia (excluding intra-trade),2005,148747,1523885,-1375138
Polynesia (excluding intra-trade),2006,154634,1782796,-1628162
Polynesia (excluding intra-trade),2007,122019,1851062,-1729043
Polynesia (excluding intra-trade),2008,106805,1854853,-1748048
Polynesia (excluding intra-trade),2009,80556,1701061,-1620505
Polynesia (excluding intra-trade),2010,97052,1921604,-1824552
Polynesia (excluding intra-trade),2011,101284,1741368,-1640084
Polynesia (excluding intra-trade),2012,125541,2063386,-1937845
Polynesia (excluding intra-trade),2013,127921,2138517,-2010596
Polynesia (excluding intra-trade),2014,111955,2354817,-2242862
Polynesia (excluding intra-trade),2015,142787,2050580,-1907793
Polynesia (excluding intra-trade),2016,124866,1840004,-1715138
Polynesia (excluding intra-trade),2017,192030,2553203,-2361173
Polynesia (excluding intra-trade),2018,203061,2787897,-2584836
Polynesia (excluding intra-trade),2019,210707,2783382,-2572675
European Union (12) (excluding intra-trade),2000,257727471,243267889,14459582
European Union (12) (excluding intra-trade),2001,228217860,241220546,-13002686
European Union (12) (excluding intra-trade),2002,251506524,258250140,-6743616
European Union (12) (excluding intra-trade),2003,294567368,306154931,-11587563
European Union (12) (excluding intra-trade),2004,358135302,362037761,-3902459
European Union (12) (excluding intra-trade),2005,383452844,380373112,3079732
European Union (12) (excluding intra-trade),2006,421002983,414317223,6685760
European Union (12) (excluding intra-trade),2007,477753517,507638031,-29884514
European Union (12) (excluding intra-trade),2008,580933438,622936217,-42002779
European Union (12) (excluding intra-trade),2009,511996979,526848703,-14851724
European Union (12) (excluding intra-trade),2010,573997088,561850383,12146705
European Union (12) (excluding intra-trade),2011,700179733,698029778,2149955
European Union (12) (excluding intra-trade),2012,701114973,668177922,32937051
European Union (12) (excluding intra-trade),2013,755022921,692534395,62488526
European Union (12) (excluding intra-trade),2014,766432288,704705069,61727219
European Union (12) (excluding intra-trade),2015,685206078,634247297,50958781
European Union (12) (excluding intra-trade),2016,703477329,638216221,65261108
European Union (12) (excluding intra-trade),2017,867915137,769691879,98223258
European Union (12) (excluding intra-trade),2018,910028681,801531559,108497122
European Union (12) (excluding intra-trade),2019,924900442,773415130,151485312
European Union (15) (excluding intra-trade),2000,240151470,240215943,-64473
European Union (15) (excluding intra-trade),2001,211582063,238166297,-26584234
European Union (15) (excluding intra-trade),2002,231216007,254722348,-23506341
European Union (15) (excluding intra-trade),2003,266921280,299641521,-32720241
European Union (15) (excluding intra-trade),2004,330730511,353881294,-23150783
European Union (15) (excluding intra-trade),2005,358548828,373758361,-15209533
European Union (15) (excluding intra-trade),2006,396972372,408717583,-11745211
European Union (15) (excluding intra-trade),2007,439172498,499231306,-60058808
European Union (15) (excluding intra-trade),2008,535173908,614177888,-79003980
European Union (15) (excluding intra-trade),2009,467190940,519863402,-52672462
European Union (15) (excluding intra-trade),2010,529967228,556206350,-26239122
European Union (15) (excluding intra-trade),2011,648660343,691436133,-42775790
European Union (15) (excluding intra-trade),2012,652588450,661979722,-9391272
European Union (15) (excluding intra-trade),2013,704441679,685503993,18937686
European Union (15) (excluding intra-trade),2014,714706560,697939374,16767186
European Union (15) (excluding intra-trade),2015,640055284,627759035,12296249
European Union (15) (excluding intra-trade),2016,654619861,631981621,22638240
European Union (15) (excluding intra-trade),2017,808469433,759832418,48637015
European Union (15) (excluding intra-trade),2018,847469139,791259736,56209403
European Union (15) (excluding intra-trade),2019,867857584,762277791,105579793
European Union (25) (excluding intra-trade),2000,229240589,240102357,-10861768
European Union (25) (excluding intra-trade),2001,210357663,245882208,-35524545
European Union (25) (excluding intra-trade),2002,221119888,253065573,-31945685
European Union (25) (excluding intra-trade),2003,256582919,295002582,-38419663
European Union (25) (excluding intra-trade),2004,314075778,342900081,-28824303
European Union (25) (excluding intra-trade),2005,336984298,352161989,-15177691
European Union (25) (excluding intra-trade),2006,370191048,384123860,-13932812
European Union (25) (excluding intra-trade),2007,397629043,460404801,-62775758
European Union (25) (excluding intra-trade),2008,480635800,567767954,-87132154
European Union (25) (excluding intra-trade),2009,415100935,467527178,-52426243
European Union (25) (excluding intra-trade),2010,476671377,501777892,-25106515
European Union (25) (excluding intra-trade),2011,582265792,626831695,-44565903
European Union (25) (excluding intra-trade),2012,601625477,587625426,14000051
European Union (25) (excluding intra-trade),2013,654396402,604225280,50171122
European Union (25) (excluding intra-trade),2014,663051146,615662655,47388491
European Union (25) (excluding intra-trade),2015,589398632,551088409,38310223
European Union (25) (excluding intra-trade),2016,598647627,554259346,44388281
European Union (25) (excluding intra-trade),2017,734275162,661228067,73047095
European Union (25) (excluding intra-trade),2018,769599753,685029629,84570124
European Union (25) (excluding intra-trade),2019,794329255,656293962,138035293
European Union (27) (excluding intra-trade),2000,488131677,476177057,11954620
European Union (27) (excluding intra-trade),2001,466455990,486795689,-20339699
European Union (27) (excluding intra-trade),2002,495935754,501125998,-5190244
European Union (27) (excluding intra-trade),2003,582434145,589828834,-7394689
European Union (27) (excluding intra-trade),2004,700018457,683485577,16532880
European Union (27) (excluding intra-trade),2005,747779809,701087031,46692778
European Union (27) (excluding intra-trade),2006,834473884,768383685,66090199
European Union (27) (excluding intra-trade),2007,907879989,920344569,-12464580
European Union (27) (excluding intra-trade),2008,1081028726,1130339500,-49310774
European Union (27) (excluding intra-trade),2009,925979273,918016413,7962860
European Union (27) (excluding intra-trade),2010,1048637943,983865384,64772559
European Union (27) (excluding intra-trade),2011,1266671012,1229166895,37504117
European Union (27) (excluding intra-trade),2012,1306306372,1150813841,155492531
European Union (27) (excluding intra-trade),2013,1436617082,1176178242,260438840
European Union (27) (excluding intra-trade),2014,1449812750,1193632138,256180612
European Union (27) (excluding intra-trade),2015,1284063126,1065091263,218971863
European Union (27) (excluding intra-trade),2016,1299118707,1071602544,227516163
European Union (27) (excluding intra-trade),2017,1580020726,1282483416,297537310
European Union (27) (excluding intra-trade),2018,1653630875,1328094017,325536858
European Union (27) (excluding intra-trade),2019,1695535565,1276993475,418542090
European Union (28),2000,3334516639,3388690358,-54173719
European Union (28),2001,3329455506,3360808323,-31352817
European Union (28),2002,3599857855,3567129327,32728528
European Union (28),2003,4337823612,4349697910,-11874298
European Union (28),2004,5151740184,5179729960,-27989776
European Union (28),2005,5535893245,5627256152,-91362907
European Union (28),2006,6169707199,6525513959,-355806760
European Union (28),2007,7239903805,7476792255,-236888450
European Union (28),2008,8165827866,8525558847,-359730981
European Union (28),2009,6591332589,6733626620,-142294031
European Union (28),2010,7292179494,7428405109,-136225615
European Union (28),2011,8578613815,8734427129,-155813314
European Union (28),2012,8281990788,8277239095,4751693
European Union (28),2013,8713392430,8425124162,288268268
European Union (28),2014,8818348642,8601055943,217292699
European Union (28),2015,7716816815,7478391436,238425379
European Union (28),2016,7759637908,7540840872,218797036
European Union (28),2017,2630164916,2510857833,119307083
European Union (28),2018,2762406772,2641959950,120446822
European Union (28),2019,2719195663,2550615325,168580338
European Union (28) (excluding intra-trade),2000,225399823,240333286,-14933463
European Union (28) (excluding intra-trade),2001,207232377,247360891,-40128514
European Union (28) (excluding intra-trade),2002,217363375,253327871,-35964496
European Union (28) (excluding intra-trade),2003,251019899,296038570,-45018671
European Union (28) (excluding intra-trade),2004,307275689,345175726,-37900037
European Union (28) (excluding intra-trade),2005,328914095,353631748,-24717653
European Union (28) (excluding intra-trade),2006,360252954,386478428,-26225474
European Union (28) (excluding intra-trade),2007,383700266,461969217,-78268951
European Union (28) (excluding intra-trade),2008,462596315,567110860,-104514545
European Union (28) (excluding intra-trade),2009,396797655,460398489,-63600834
European Union (28) (excluding intra-trade),2010,460069444,492513316,-32443872
European Union (28) (excluding intra-trade),2011,564083336,613972769,-49889433
European Union (28) (excluding intra-trade),2012,584173358,575509997,8663361
European Union (28) (excluding intra-trade),2013,643030731,587468088,55562643
European Union (28) (excluding intra-trade),2014,649057309,596370687,52686622
European Union (28) (excluding intra-trade),2015,574282898,534021253,40261645
European Union (28) (excluding intra-trade),2016,581597908,535005023,46592885
European Union (28) (excluding intra-trade),2017,705703228,637864955,67838273
European Union (28) (excluding intra-trade),2018,736629860,658543951,78085909
European Union (28) (excluding intra-trade),2019,764456869,632523158,131933711
European Union (27),2000,423406599,388857325,34549274
European Union (27),2001,425150887,398645478,26505409
European Union (27),2002,472581178,439658853,32922325
European Union (27),2003,590603809,549013477,41590332
European Union (27),2004,687097344,631884593,55212751
European Union (27),2005,728996827,662456695,66540132
European Union (27),2006,802926072,725198300,77727772
European Union (27),2007,953843388,887011574,66831814
European Union (27),2008,1120067372,1053426421,66640951
European Union (27),2009,996886044,929301667,67584377
European Union (27),2010,1061852349,970358100,91494249
European Union (27),2011,1243150520,1150530718,92619802
European Union (27),2012,1233179260,1099315479,133863781
European Union (27),2013,1321745765,1156482340,165263425
European Union (27),2014,8167783981,7608808265,558975716
European Union (27),2015,7125867897,6575808659,550059238
European Union (27),2016,7224383956,6642558111,581825845
European Union (27),2017,2499896276,2237461928,262434348
European Union (27),2018,2622790196,2354191415,268598781
European Union (27),2019,2581704507,2271804491,309900016
Least Developed Countries,2000,53858463,82592397,-28733934
Least Developed Countries,2001,53880902,86251988,-32371086
Least Developed Countries,2002,58841351,95380300,-36538949
Least Developed Countries,2003,68544254,113567466,-45023212
Least Developed Countries,2004,86384551,129593262,-43208711
Least Developed Countries,2005,109340836,158170166,-48829330
Least Developed Countries,2006,135520983,185047320,-49526337
Least Developed Countries,2007,170355176,221170228,-50815052
Least Developed Countries,2008,217882204,289796562,-71914358
Least Developed Countries,2009,179889855,277307059,-97417204
Least Developed Countries,2010,219608059,308536933,-88928874
Least Developed Countries,2011,277059013,385839579,-108780566
Least Developed Countries,2012,279064698,408216161,-129151463
Least Developed Countries,2013,299939474,455454608,-155515134
Least Developed Countries,2014,295175763,516410741,-221234978
Least Developed Countries,2015,258128067,479416836,-221288769
Least Developed Countries,2016,245205885,454801761,-209595876
Least Developed Countries,2017,111178687,262470977,-151292290
Least Developed Countries,2018,105892225,253563191,-147670966
Least Developed Countries,2019,109894460,230637579,-120743119
Least Developed Countries (excluding intra-trade),2000,8914411,11683456,-2769045
Least Developed Countries (excluding intra-trade),2001,8737643,12219722,-3482079
Least Developed Countries (excluding intra-trade),2002,11241315,16386635,-5145320
Least Developed Countries (excluding intra-trade),2003,13769494,22213821,-8444327
Least Developed Countries (excluding intra-trade),2004,14496381,19085344,-4588963
Least Developed Countries (excluding intra-trade),2005,14702982,31387369,-16684387
Least Developed Countries (excluding intra-trade),2006,14408616,33767091,-19358475
Least Developed Countries (excluding intra-trade),2007,19559831,54098905,-34539074
Least Developed Countries (excluding intra-trade),2008,23447879,55639709,-32191830
Least Developed Countries (excluding intra-trade),2009,25549289,40974372,-15425083
Least Developed Countries (excluding intra-trade),2010,28552800,37244390,-8691590
Least Developed Countries (excluding intra-trade),2011,34098779,58820104,-24721325
Least Developed Countries (excluding intra-trade),2012,33939967,67106752,-33166785
Least Developed Countries (excluding intra-trade),2013,41902630,71878352,-29975722
Least Developed Countries (excluding intra-trade),2014,54732843,145131054,-90398211
Least Developed Countries (excluding intra-trade),2015,52818254,141499443,-88681189
Least Developed Countries (excluding intra-trade),2016,45793549,129065677,-83272128
Least Developed Countries (excluding intra-trade),2017,82476848,236136990,-153660142
Least Developed Countries (excluding intra-trade),2018,76020546,219624515,-143603969
Least Developed Countries (excluding intra-trade),2019,82449979,198984732,-116534753
Land Locked Developing Countries,2000,67494543,62401945,5092598
Land Locked Developing Countries,2001,64162491,63069074,1093417
Land Locked Developing Countries,2002,64134446,67149224,-3014778
Land Locked Developing Countries,2003,82550228,80582639,1967589
Land Locked Developing Countries,2004,107931573,98130574,9800999
Land Locked Developing Countries,2005,124021769,118356494,5665275
Land Locked Developing Countries,2006,151250193,144457314,6792879
Land Locked Developing Countries,2007,186394692,182712227,3682465
Land Locked Developing Countries,2008,274558288,235407206,39151082
Land Locked Developing Countries,2009,187299053,206575313,-19276260
Land Locked Developing Countries,2010,249646015,238390654,11255361
Land Locked Developing Countries,2011,324800788,292180442,32620346
Land Locked Developing Countries,2012,335855575,324868240,10987335
Land Locked Developing Countries,2013,359850139,344475390,15374749
Land Locked Developing Countries,2014,360584403,355659148,4925255
Land Locked Developing Countries,2015,274870410,312071831,-37201421
Land Locked Developing Countries,2016,250370536,296978165,-46607629
Land Locked Developing Countries,2017,120286375,134913783,-14627408
Land Locked Developing Countries,2018,126733441,140696640,-13963199
Land Locked Developing Countries,2019,129513893,136327176,-6813283
Land Locked Developing Countries (excluding intra-trade),2000,20471345,13807543,6663802
Land Locked Developing Countries (excluding intra-trade),2001,19098894,13836334,5262560
Land Locked Developing Countries (excluding intra-trade),2002,18791614,14538904,4252710
Land Locked Developing Countries (excluding intra-trade),2003,25064099,20419771,4644328
Land Locked Developing Countries (excluding intra-trade),2004,31411171,21381468,10029703
Land Locked Developing Countries (excluding intra-trade),2005,29603534,23248014,6355520
Land Locked Developing Countries (excluding intra-trade),2006,35716925,29130247,6586678
Land Locked Developing Countries (excluding intra-trade),2007,41948994,32639999,9308995
Land Locked Developing Countries (excluding intra-trade),2008,53598782,50300176,3298606
Land Locked Developing Countries (excluding intra-trade),2009,50885343,46166598,4718745
Land Locked Developing Countries (excluding intra-trade),2010,59197340,50857646,8339694
Land Locked Developing Countries (excluding intra-trade),2011,73387121,69309654,4077467
Land Locked Developing Countries (excluding intra-trade),2012,76799719,71272786,5526933
Land Locked Developing Countries (excluding intra-trade),2013,90326738,73392597,16934141
Land Locked Developing Countries (excluding intra-trade),2014,102695065,93089652,9605413
Land Locked Developing Countries (excluding intra-trade),2015,88962193,85821502,3140691
Land Locked Developing Countries (excluding intra-trade),2016,82064725,83908065,-1843340
Land Locked Developing Countries (excluding intra-trade),2017,97917209,112456604,-14539395
Land Locked Developing Countries (excluding intra-trade),2018,102979697,111716773,-8737076
Land Locked Developing Countries (excluding intra-trade),2019,104323772,102765448,1558324
Small Island Developing States,2000,193649099,215814449,-22165350
Small Island Developing States,2001,173912144,204733239,-30821095
Small Island Developing States,2002,175326287,206187244,-30860957
Small Island Developing States,2003,199655941,223165788,-23509847
Small Island Developing States,2004,262127520,280473238,-18345718
Small Island Developing States,2005,303640028,327437539,-23797511
Small Island Developing States,2006,357965216,378883805,-20918589
Small Island Developing States,2007,398643782,429644688,-31000906
Small Island Developing States,2008,459915105,526652437,-66737332
Small Island Developing States,2009,365514280,416416228,-50901948
Small Island Developing States,2010,464206253,503816613,-39610360
Small Island Developing States,2011,548583827,591779129,-43195302
Small Island Developing States,2012,570055397,611376250,-41320853
Small Island Developing States,2013,577200791,617265185,-40064394
Small Island Developing States,2014,569101460,624140639,-55039179
Small Island Developing States,2015,488506318,529767821,-41261503
Small Island Developing States,2016,470606703,515466877,-44860174
Small Island Developing States,2017,81198254,143063490,-61865236
Small Island Developing States,2018,79508368,145919684,-66411316
Small Island Developing States,2019,94077232,144189299,-50112067
Small Island Developing States (excluding intra-trade),2000,19605833,30047345,-10441512
Small Island Developing States (excluding intra-trade),2001,19165707,34696073,-15530366
Small Island Developing States (excluding intra-trade),2002,17277203,30412005,-13134802
Small Island Developing States (excluding intra-trade),2003,17161537,32128952,-14967415
Small Island Developing States (excluding intra-trade),2004,19822909,37183497,-17360588
Small Island Developing States (excluding intra-trade),2005,22235542,47894417,-25658875
Small Island Developing States (excluding intra-trade),2006,21555108,41004884,-19449776
Small Island Developing States (excluding intra-trade),2007,28589432,60027767,-31438335
Small Island Developing States (excluding intra-trade),2008,30724652,54221216,-23496564
Small Island Developing States (excluding intra-trade),2009,27628735,54945280,-27316545
Small Island Developing States (excluding intra-trade),2010,33964274,64676385,-30712111
Small Island Developing States (excluding intra-trade),2011,40282207,72076406,-31794199
Small Island Developing States (excluding intra-trade),2012,43298009,78537697,-35239688
Small Island Developing States (excluding intra-trade),2013,47809056,82080435,-34271379
Small Island Developing States (excluding intra-trade),2014,58774147,107108691,-48334544
Small Island Developing States (excluding intra-trade),2015,54698474,98785228,-44086754
Small Island Developing States (excluding intra-trade),2016,53299151,95051062,-41751911
Small Island Developing States (excluding intra-trade),2017,75258139,132444111,-57185972
Small Island Developing States (excluding intra-trade),2018,74277224,132345555,-58068331
Small Island Developing States (excluding intra-trade),2019,89774691,132472212,-42697521
Low Income Food Deficit Countries,2000,211534595,206142376,5392219
Low Income Food Deficit Countries,2001,201323431,217479906,-16156475
Low Income Food Deficit Countries,2002,223451974,238120325,-14668351
Low Income Food Deficit Countries,2003,261847891,285107747,-23259856
Low Income Food Deficit Countries,2004,312122036,348800823,-36678787
Low Income Food Deficit Countries,2005,381675148,447996925,-66321777
Low Income Food Deficit Countries,2006,440446068,524847024,-84400956
Low Income Food Deficit Countries,2007,540899009,634362637,-93463628
Low Income Food Deficit Countries,2008,658555101,861156574,-202601473
Low Income Food Deficit Countries,2009,579906454,768854013,-188947559
Low Income Food Deficit Countries,2010,736738009,917333482,-180595473
Low Income Food Deficit Countries,2011,955976995,1175648182,-219671187
Low Income Food Deficit Countries,2012,969866280,1214135383,-244269103
Low Income Food Deficit Countries,2013,1011036729,1243090750,-232054021
Low Income Food Deficit Countries,2014,1092309263,1370300218,-277990955
Low Income Food Deficit Countries,2015,978501806,1279996901,-301495095
Low Income Food Deficit Countries,2016,970332780,1238224754,-267891974
Low Income Food Deficit Countries,2017,431291835,513077965,-81786130
Low Income Food Deficit Countries,2018,429895767,487315937,-57420170
Low Income Food Deficit Countries,2019,422802490,477228022,-54425532
Low Income Food Deficit Countries (excluding intra-trade),2000,47280947,28562009,18718938
Low Income Food Deficit Countries (excluding intra-trade),2001,49654057,37499851,12154206
Low Income Food Deficit Countries (excluding intra-trade),2002,55113211,41395932,13717279
Low Income Food Deficit Countries (excluding intra-trade),2003,58802920,47457577,11345343
Low Income Food Deficit Countries (excluding intra-trade),2004,65401666,51067262,14334404
Low Income Food Deficit Countries (excluding intra-trade),2005,75095690,60685715,14409975
Low Income Food Deficit Countries (excluding intra-trade),2006,90413022,76746751,13666271
Low Income Food Deficit Countries (excluding intra-trade),2007,118228262,101985295,16242967
Low Income Food Deficit Countries (excluding intra-trade),2008,133528050,125500299,8027751
Low Income Food Deficit Countries (excluding intra-trade),2009,135505455,131599462,3905993
Low Income Food Deficit Countries (excluding intra-trade),2010,158140097,122978879,35161218
Low Income Food Deficit Countries (excluding intra-trade),2011,183024134,149367926,33656208
Low Income Food Deficit Countries (excluding intra-trade),2012,216361158,167196023,49165135
Low Income Food Deficit Countries (excluding intra-trade),2013,234148364,164204542,69943822
Low Income Food Deficit Countries (excluding intra-trade),2014,233138340,248558404,-15420064
Low Income Food Deficit Countries (excluding intra-trade),2015,201229173,243991306,-42762133
Low Income Food Deficit Countries (excluding intra-trade),2016,180911039,238125070,-57214031
Low Income Food Deficit Countries (excluding intra-trade),2017,314487672,443135928,-128648256
Low Income Food Deficit Countries (excluding intra-trade),2018,319717079,414713809,-94996730
Low Income Food Deficit Countries (excluding intra-trade),2019,318575973,396746393,-78170420
Net Food Importing Developing Countries,2000,215769184,292993451,-77224267
Net Food Importing Developing Countries,2001,211165394,296409139,-85243745
Net Food Importing Developing Countries,2002,222599203,302217681,-79618478
Net Food Importing Developing Countries,2003,250763254,331333185,-80569931
Net Food Importing Developing Countries,2004,303941086,399202025,-95260939
Net Food Importing Developing Countries,2005,374545434,484224598,-109679164
Net Food Importing Developing Countries,2006,439835722,565384114,-125548392
Net Food Importing Developing Countries,2007,514837852,704537445,-189699593
Net Food Importing Developing Countries,2008,661022951,931852588,-270829637
Net Food Importing Developing Countries,2009,550686063,805576015,-254889952
Net Food Importing Developing Countries,2010,646051066,898166583,-252115517
Net Food Importing Developing Countries,2011,816338398,1111113185,-294774787
Net Food Importing Developing Countries,2012,801608199,1179738536,-378130337
Net Food Importing Developing Countries,2013,825637054,1213003849,-387366795
Net Food Importing Developing Countries,2014,818983460,1304637860,-485654400
Net Food Importing Developing Countries,2015,710763082,1174984348,-464221266
Net Food Importing Developing Countries,2016,677254098,1109278592,-432024494
Net Food Importing Developing Countries,2017,327596295,574959968,-247363673
Net Food Importing Developing Countries,2018,326566548,571097022,-244530474
Net Food Importing Developing Countries,2019,331564392,540013702,-208449310
Net Food Importing Developing Countries (excluding intra-trade),2000,49102495,79354753,-30252258
Net Food Importing Developing Countries (excluding intra-trade),2001,51064039,82651729,-31587690
Net Food Importing Developing Countries (excluding intra-trade),2002,54184437,83346951,-29162514
Net Food Importing Developing Countries (excluding intra-trade),2003,62689024,93494948,-30805924
Net Food Importing Developing Countries (excluding intra-trade),2004,71202150,107037612,-35835462
Net Food Importing Developing Countries (excluding intra-trade),2005,76485501,130917986,-54432485
Net Food Importing Developing Countries (excluding intra-trade),2006,67737080,120901811,-53164731
Net Food Importing Developing Countries (excluding intra-trade),2007,88630816,195722270,-107091454
Net Food Importing Developing Countries (excluding intra-trade),2008,104330650,216648568,-112317918
Net Food Importing Developing Countries (excluding intra-trade),2009,121171866,210133041,-88961175
Net Food Importing Developing Countries (excluding intra-trade),2010,113572816,169485835,-55913019
Net Food Importing Developing Countries (excluding intra-trade),2011,136955472,252575251,-115619779
Net Food Importing Developing Countries (excluding intra-trade),2012,132387487,238958822,-106571335
Net Food Importing Developing Countries (excluding intra-trade),2013,159157069,310365194,-151208125
Net Food Importing Developing Countries (excluding intra-trade),2014,190608657,424301516,-233692859
Net Food Importing Developing Countries (excluding intra-trade),2015,190012818,374271874,-184259056
Net Food Importing Developing Countries (excluding intra-trade),2016,177238641,360009669,-182771028
Net Food Importing Developing Countries (excluding intra-trade),2017,256632926,500175527,-243542601
Net Food Importing Developing Countries (excluding intra-trade),2018,250740549,485244906,-234504357
Net Food Importing Developing Countries (excluding intra-trade),2019,265166911,456057001,-190890090
